  -1.8860204e-01  -1.6167394e-01
  -7.7243549e-01   2.6729455e-01
  -2.0236964e-01  -1.1526410e-01
   7.8976562e-01   3.2811390e-01
   2.2037900e-01   1.5672387e-01
  -9.7750785e-01   7.3510687e-01
   5.5559140e-02   5.1007931e-02
  -2.0245858e-01  -6.8671429e-02
  -3.9387477e-01  -1.3029603e-01
   6.5888325e-01   4.6841009e-01
  -4.3560711e-01  -6.5687541e-02
  -3.3366489e-01  -1.5176046e-01
  -7.2578931e-01   1.6208471e-01
  -7.9914261e-01   2.9227154e-01
   4.1911837e-01   3.5561661e-01
   4.3967792e-02   3.4123677e-02
  -9.9650510e-01   7.7006675e-01
  -9.0462337e-02  -5.7394069e-02
   6.7098775e-01   4.2161209e-01
  -3.7349417e-01  -1.1353660e-01
   8.1698133e-01   2.5581314e-01
  -6.6884388e-01   1.4000348e-01
   5.4731490e-01   4.3091066e-01
  -7.4933936e-01   2.7339229e-01
   4.5110091e-01   3.7621862e-01
  -9.0683150e-01   5.6215821e-01
   7.4838950e-01   3.3876707e-01
  -7.2496782e-02  -6.3478995e-02
   7.7108703e-01   3.4975138e-01
   6.5379758e-01   4.5505596e-01
  -2.6676558e-01  -1.6795468e-01
  -9.3171880e-02  -6.1080194e-02
  -3.4262637e-01  -9.6423634e-02
  -3.4904446e-01  -8.6162809e-02
   5.2795069e-01   4.3723311e-01
  -1.1120383e-01  -9.3736661e-02
  -8.3906004e-01   4.2933468e-01
  -4.6670092e-01  -7.3337591e-02
  -8.4085197e-01   3.6260676e-01
   1.1316869e-01   1.2543135e-01
   5.5334550e-01   4.0713784e-01
   4.2465320e-01   3.2873699e-01
  -5.1122453e-01  -9.5928569e-02
  -5.9705569e-01   6.2935474e-02
   2.0286765e-01   1.4290884e-01
   9.5397420e-01   4.7275587e-02
  -7.3482927e-01   1.8870979e-01
  -8.6383921e-01   4.0557723e-01
  -2.8816431e-01  -1.3470970e-01
   6.3398242e-01   4.2242328e-01
   3.7534063e-01   3.5205735e-01
   7.7423610e-01   3.9357130e-01
  -5.7520864e-01  -2.8811026e-02
   5.4440069e-01   4.8184717e-01
   5.3396034e-01   4.5451970e-01
   5.4411374e-01   4.6507250e-01
   2.3290742e-01   1.7628455e-01
   2.3836871e-01   2.0911875e-01
  -5.7370800e-01  -2.3918435e-02
   9.4755243e-01   8.0652923e-04
  -5.7934668e-01  -2.6538870e-02
   3.5448666e-01   3.1600841e-01
  -5.2155383e-01  -2.1544050e-02
   2.5733060e-01   1.9502278e-01
  -6.9981834e-01   1.8754674e-01
   7.3938163e-01   3.7227762e-01
  -1.4372261e-01  -1.0837645e-01
  -3.8433806e-01  -1.0028933e-01
   3.8069662e-01   3.7090360e-01
   5.3607845e-02   1.0305491e-02
  -9.0350882e-01   5.5069666e-01
  -1.4731108e-01  -1.3387582e-01
   5.0167153e-01   4.4866543e-01
   8.9347009e-02   8.8947525e-02
  -9.3575582e-01   6.3009425e-01
   5.0951295e-01   3.8284289e-01
   8.6978515e-01   1.6560060e-01
  -4.6882640e-01  -1.2135846e-01
  -5.5425617e-02  -3.8168540e-02
   5.0422179e-01   3.8175400e-01
  -3.9384422e-01  -1.7227014e-01
  -7.7749899e-01   3.1193936e-01
   5.4594273e-01   4.0682673e-01
   9.0435253e-01   1.8691326e-01
  -5.5257445e-01  -2.0504076e-02
   2.0229373e-01   1.4428707e-01
  -6.0702390e-01   5.3191302e-02
  -1.6268376e-01  -7.9443655e-02
   5.4606127e-01   4.0994445e-01
  -2.7163074e-01  -9.4239327e-02
  -2.6787591e-01  -1.5562466e-01
   6.1283688e-01   4.2483380e-01
  -4.0064264e-01  -1.0654531e-01
  -4.0326287e-01  -7.5596643e-02
   1.6361470e-01   1.2683274e-01
  -8.3744332e-01   3.7498671e-01
   6.7276725e-01   4.4149374e-01
   4.1899473e-01   3.3218678e-01
   1.0534062e-01   8.3119268e-02
   7.7435197e-01   3.7302247e-01
   7.9203214e-01   3.4588175e-01
  -8.8345745e-01   4.5853108e-01
   5.1680949e-01   3.9494906e-01
  -1.4712967e-01  -7.4743600e-02
   1.6348032e-01   1.5303669e-01
  -1.9426489e-01  -1.0025870e-01
   2.8760994e-01   2.2610416e-01
   1.2794047e-01   1.2513811e-01
   9.5870981e-02   5.3583530e-02
  -9.3052369e-01   5.8756798e-01
  -3.2210432e-01  -1.3502604e-01
  -3.8211793e-01  -8.8843112e-02
  -5.9569079e-01  -2.2021661e-02
   4.3016121e-01   4.2589760e-01
   9.9541094e-01  -9.1023394e-02
   7.7778766e-01   3.4832028e-01
   1.9039376e-01   1.7343944e-01
   5.1862526e-01   4.6223259e-01
  -2.9725493e-01  -1.7480909e-01
  -5.6893682e-01  -4.9046432e-02
  -1.6734823e-01  -1.3747498e-01
  -6.5457530e-01   4.6193588e-02
  -2.0468223e-01  -1.3435688e-01
   4.0696588e-02  -1.5317121e-03
   4.9111617e-01   3.9624552e-01
   1.8859233e-01   1.4274010e-01
   1.0492477e-02   7.0467104e-03
   1.8793774e-01   1.2298996e-01
  -6.2242408e-01   6.4384793e-02
   6.9860633e-01   4.5463502e-01
   6.3577393e-01   3.9342635e-01
  -1.6647849e-01  -9.6426704e-02
  -9.8505543e-01   7.2629288e-01
   6.2822225e-01   4.6653206e-01
   8.4277226e-01   3.0008834e-01
   2.6909743e-01   2.3599244e-01
  -6.6126807e-01   1.1738070e-01
   9.5468541e-01   2.6785442e-02
  -1.0962601e-01  -2.6742724e-02
   5.2422722e-01   3.9329787e-01
   3.9826010e-01   3.3212623e-01
   3.9730547e-01   3.6026025e-01
   7.2362529e-01   4.0252118e-01
   5.5672615e-01   4.7185971e-01
   2.4245935e-01   2.5828639e-01
  -2.4621573e-01  -1.0776270e-01
  -3.4635561e-01  -1.7709414e-01
   8.8503903e-01   1.7597767e-01
  -9.8887983e-03   2.9660094e-03
  -2.5366520e-01  -9.6958816e-02
  -9.5371071e-01   6.7471262e-01
   4.5346053e-01   3.7062223e-01
  -3.8682632e-01  -7.8143582e-02
  -4.4530717e-01  -7.2328882e-02
   9.7215143e-01  -6.5017844e-02
   6.7918954e-01   4.2274791e-01
   9.6185140e-01  -2.8821202e-02
  -5.0391754e-01  -7.1553092e-02
   4.8845701e-01   4.3313409e-01
   2.7492125e-01   2.7047615e-01
   9.1326790e-01   1.6124877e-01
  -7.0421218e-01   1.9396077e-01
  -8.8623894e-01   4.8995216e-01
   2.9876843e-01   2.6240221e-01
   4.8403211e-01   4.0870919e-01
   9.5984102e-01  -4.4077573e-02
   7.6939592e-01   3.7035595e-01
  -5.5525234e-01  -5.6613695e-02
  -4.9533225e-02  -3.8379362e-02
  -4.9920979e-01  -4.9706171e-02
   7.6247173e-01   3.5125516e-01
  -1.7966146e-01  -7.3277188e-02
   8.8950605e-02   1.2526870e-01
   5.0068457e-01   4.1476801e-01
   6.1793114e-01   4.6788146e-01
   2.1841626e-01   1.9924176e-01
   1.3756589e-01   1.7037147e-01
   8.7545916e-01   1.7310427e-01
  -6.8084720e-01   1.6259511e-01
   5.5664216e-01   4.6151832e-01
  -8.7751137e-01   5.1525694e-01
   4.3858076e-01   4.2164487e-01
  -9.6144821e-01   6.8994927e-01
   8.0462837e-01   2.7352404e-01
  -5.7837879e-01   3.7819044e-02
   9.4318162e-01   5.2132528e-02
   7.5781503e-01   3.5358954e-01
   6.4487769e-01   4.4706868e-01
  -4.4009458e-01  -1.0239222e-01
   1.5879949e-01   9.5307112e-02
   7.0728400e-01   3.6561740e-01
   7.9733544e-02   3.2361418e-02
  -5.9336094e-01   5.7703044e-02
  -2.2210845e-01  -1.1591717e-01
   3.5372951e-01   2.9734777e-01
   4.9648063e-01   4.4291552e-01
   1.7516394e-01   1.8272689e-01
  -2.5113116e-01  -9.6906589e-02
   9.8620804e-01  -1.2699851e-01
   2.5573033e-01   2.4043603e-01
