   8.5455207e-04  -5.3448745e-03
  -9.6959983e-03   2.7444880e-03
  -2.9990703e-03  -2.0174695e-03
  -3.6400838e-03  -6.0048519e-03
  -3.8540907e-03  -2.3501857e-03
  -5.4804479e-03  -6.9171440e-03
   9.5833324e-03  -3.5295160e-04
   2.7765165e-03   5.2514695e-03
  -1.8998458e-03  -7.2325088e-04
  -6.1854203e-03  -3.3112266e-03
  -7.6195274e-01  -5.7697484e-03
  -7.4900318e-01  -3.6530418e-03
  -7.6044889e-01   1.7662810e-03
  -7.6067457e-01   1.6013664e-02
  -7.6764060e-01   3.2579099e-02
  -7.4807468e-01   3.7630349e-02
  -7.5195155e-01   6.0788753e-02
  -7.5914010e-01   6.7802811e-02
  -7.5975190e-01   8.6586003e-02
  -7.5271851e-01   1.0281318e-01
  -7.5975554e-01   1.0659496e-01
  -7.5477948e-01   1.1952579e-01
  -7.5187921e-01   1.2440233e-01
  -7.5239401e-01   1.3572194e-01
  -7.5103789e-01   1.4590107e-01
  -7.5552349e-01   1.5113881e-01
  -7.5598406e-01   1.6516082e-01
  -7.5518203e-01   1.7446446e-01
  -7.6439959e-01   1.7389371e-01
  -7.4963510e-01   1.8457351e-01
  -7.4726017e-01   1.8982779e-01
  -7.5310498e-01   1.9269208e-01
  -7.5319695e-01   1.9111464e-01
  -7.6780339e-01   2.0043799e-01
  -7.6389776e-01   2.0298617e-01
  -7.4789731e-01   2.0226987e-01
  -7.6711584e-01   2.1069466e-01
  -7.6594006e-01   2.1772787e-01
  -7.6733028e-01   2.1832931e-01
  -7.6024856e-01   2.1265989e-01
  -7.6106451e-01   2.1999626e-01
  -7.6072936e-01   2.2292083e-01
  -7.6156197e-01   2.2961246e-01
  -7.6668418e-01   2.2796078e-01
  -7.5446305e-01   2.2786152e-01
  -7.5506495e-01   2.2373257e-01
  -7.5047231e-01   2.2548178e-01
  -7.4758278e-01   2.3289178e-01
  -7.4556365e-01   2.3248414e-01
  -7.5110541e-01   2.3255553e-01
  -7.6567179e-01   2.3192076e-01
  -7.6623910e-01   2.4100623e-01
  -7.6083264e-01   2.4073715e-01
  -7.5432329e-01   2.3412007e-01
  -7.5071072e-01   2.4080396e-01
  -7.4476203e-01   2.3670075e-01
  -7.6220307e-01   2.3423754e-01
  -7.6731988e-01   2.3995744e-01
  -7.6517322e-01   2.4100901e-01
  -7.5672148e-01   2.3205629e-01
  -7.5307684e-01   2.3778280e-01
  -7.5447793e-01   2.4279560e-01
  -7.6501202e-01   2.4047123e-01
  -7.5283430e-01   2.3742518e-01
  -7.5263925e-01   2.3791259e-01
  -7.4900249e-01   2.4662283e-01
  -7.4851298e-01   2.3954337e-01
  -7.4396877e-01   2.4276222e-01
  -7.5374791e-01   2.3929903e-01
  -7.5436667e-01   2.4447191e-01
  -7.5632623e-01   2.4483710e-01
  -7.6565704e-01   2.3611160e-01
  -7.4431495e-01   2.3482902e-01
  -7.4508200e-01   2.4719900e-01
  -7.6502422e-01   2.4289600e-01
  -7.6429357e-01   2.4171232e-01
  -7.6023962e-01   2.4209653e-01
  -7.4703436e-01   2.4147432e-01
  -7.6247163e-01   2.3814800e-01
   4.9064711e-01   2.3968368e-01
   4.9897925e-01   2.4474286e-01
   5.0547613e-01   2.4873236e-01
   4.9488851e-01   2.5563397e-01
   5.0089765e-01   2.7138477e-01
   5.0527188e-01   2.8137603e-01
   5.0671130e-01   2.8064495e-01
   4.9916409e-01   2.8792398e-01
   5.1045732e-01   3.0387315e-01
   5.0084534e-01   3.1815564e-01
   4.9297808e-01   3.1803414e-01
   4.9647482e-01   3.2859113e-01
   4.9045911e-01   3.3508689e-01
   5.0448984e-01   3.5023336e-01
   5.0068617e-01   3.5258968e-01
   5.0296107e-01   3.6237806e-01
   4.9749067e-01   3.6768777e-01
   4.9184458e-01   3.6964365e-01
   4.9122264e-01   3.7630534e-01
   5.0922419e-01   3.6855106e-01
   4.9693567e-01   3.8378518e-01
   5.0586947e-01   3.7616740e-01
   4.9343762e-01   3.8457384e-01
   4.9339392e-01   3.8389059e-01
   5.0751335e-01   3.8674722e-01
   5.0528197e-01   3.9813766e-01
   5.0036585e-01   3.9344864e-01
   4.9635888e-01   3.9263384e-01
   5.1324529e-01   4.0039476e-01
   4.9641308e-01   3.9506178e-01
   5.0649655e-01   4.0788991e-01
   4.9244096e-01   4.0457559e-01
   4.9830289e-01   4.0539752e-01
   5.1227946e-01   4.1112272e-01
   4.9127823e-01   4.0946363e-01
   4.9667098e-01   4.0429703e-01
   5.0600075e-01   4.1088907e-01
   5.0530765e-01   4.1070239e-01
   5.0621040e-01   4.1743067e-01
   5.0517988e-01   4.0668904e-01
   4.9328122e-01   4.1230879e-01
   4.9182794e-01   4.1029095e-01
   5.1117468e-01   4.1770358e-01
   4.9735605e-01   4.0929172e-01
   4.9605755e-01   4.1989599e-01
   5.0762593e-01   4.1585086e-01
   5.1348618e-01   4.1502397e-01
   5.0729275e-01   4.1984337e-01
   5.0393628e-01   4.1255257e-01
   5.0086068e-01   4.2091890e-01
   5.0026193e-01   4.2157063e-01
   5.0965204e-01   4.1475143e-01
   4.9989680e-01   4.1140416e-01
   5.0587365e-01   4.1128502e-01
   5.0260092e-01   4.1346742e-01
   4.9742339e-01   4.2153369e-01
   5.1299957e-01   4.1237299e-01
   4.9258902e-01   4.1918507e-01
   5.1238082e-01   4.1325547e-01
   4.9432007e-01   4.2253078e-01
   4.9127039e-01   4.1756323e-01
   5.0177044e-01   4.1356223e-01
   4.9618812e-01   4.1788180e-01
   5.0321977e-01   4.1328013e-01
   5.1416430e-01   4.1526424e-01
   5.1092544e-01   4.1770823e-01
   5.0720897e-01   4.1513370e-01
   4.9953627e-01   4.2590221e-01
   5.0534038e-01   4.2196393e-01
   2.6338156e-01   4.1662988e-01
   2.7236536e-01   4.2594814e-01
   2.7622838e-01   4.1316721e-01
   2.8372265e-01   4.0835417e-01
   2.6433383e-01   3.9812759e-01
   2.8321204e-01   3.9352359e-01
   2.7082480e-01   3.8448562e-01
   2.6019579e-01   3.6472804e-01
   2.7775472e-01   3.6168594e-01
   2.7558626e-01   3.4897664e-01
   2.6272733e-01   3.4527502e-01
   2.8161602e-01   3.4135209e-01
   2.7876577e-01   3.2708066e-01
   2.6520502e-01   3.2345748e-01
   2.6760247e-01   3.1543770e-01
   2.6683733e-01   3.1314271e-01
   2.8216083e-01   3.0837714e-01
   2.6331022e-01   2.9786855e-01
   2.8288937e-01   3.0246253e-01
   2.6322284e-01   2.9451161e-01
   2.7618866e-01   2.9172838e-01
   2.6073711e-01   2.9310321e-01
   2.6578720e-01   2.8609948e-01
   2.7245949e-01   2.8400343e-01
   2.6963602e-01   2.7859945e-01
   2.7306973e-01   2.8177197e-01
   2.7309919e-01   2.7634597e-01
   2.6074372e-01   2.7689735e-01
   2.7241224e-01   2.6341400e-01
   2.7740817e-01   2.7559849e-01
   2.7129524e-01   2.6619058e-01
   2.6686895e-01   2.7051706e-01
   2.8379142e-01   2.7055588e-01
   2.6788847e-01   2.6111135e-01
   2.7903157e-01   2.5589685e-01
   2.6662082e-01   2.6665809e-01
   2.7752649e-01   2.5402265e-01
   2.7776342e-01   2.5475545e-01
   2.7564479e-01   2.6308043e-01
   2.6873902e-01   2.6263850e-01
   2.6380068e-01   2.6289857e-01
   2.8108963e-01   2.5601444e-01
   2.7191906e-01   2.5724277e-01
   2.6494806e-01   2.5530430e-01
   2.7690260e-01   2.4941038e-01
   2.6312423e-01   2.5655233e-01
   2.6384065e-01   2.5886677e-01
   2.5993866e-01   2.5396097e-01
   2.6454069e-01   2.5326909e-01
   2.7512004e-01   2.5691847e-01
   2.6183726e-01   2.5153562e-01
   2.6896699e-01   2.5254552e-01
   2.6439639e-01   2.4867621e-01
   2.6386967e-01   2.5293294e-01
   2.8150817e-01   2.5818895e-01
   2.8042688e-01   2.5250460e-01
   2.7381854e-01   2.5902064e-01
   2.6815681e-01   2.5875657e-01
   2.8035152e-01   2.5018829e-01
   2.6786058e-01   2.5469345e-01
   2.6145681e-01   2.4968678e-01
   2.7068087e-01   2.5167057e-01
   2.6322128e-01   2.5684031e-01
   2.8309336e-01   2.5181387e-01
   2.7631897e-01   2.5782963e-01
   2.6772455e-01   2.5098379e-01
   2.6295493e-01   2.5665232e-01
   2.6575854e-01   2.5380370e-01
   2.6912927e-01   2.5745896e-01
   7.1691909e-01   2.4913884e-01
   7.2102144e-01   2.5658672e-01
   7.0878531e-01   2.6138010e-01
   7.2086910e-01   2.6303866e-01
   7.1649818e-01   2.7293663e-01
   7.1235594e-01   2.7638054e-01
   7.0606609e-01   2.8583380e-01
   7.0809982e-01   3.0082829e-01
   7.0539003e-01   3.1261560e-01
   7.1742334e-01   3.2002987e-01
   7.0046560e-01   3.2819283e-01
   7.0396892e-01   3.2444924e-01
   7.0634574e-01   3.3010472e-01
   7.1540099e-01   3.4374607e-01
   7.1615040e-01   3.4583865e-01
   7.1867227e-01   3.4813366e-01
   6.9869349e-01   3.5630934e-01
   6.9861679e-01   3.6439888e-01
   7.1103021e-01   3.6336768e-01
   7.1061503e-01   3.6860023e-01
   7.1987074e-01   3.6892377e-01
   7.1131848e-01   3.7638881e-01
   7.1609709e-01   3.8539873e-01
   7.0133150e-01   3.8542706e-01
   7.0762776e-01   3.8852065e-01
   7.1614609e-01   3.9100620e-01
   7.1380304e-01   3.8339041e-01
   6.9818173e-01   3.9028461e-01
   7.1716874e-01   3.9184660e-01
   7.1059958e-01   3.9181814e-01
   6.9975337e-01   4.0140547e-01
   7.1354875e-01   3.9316150e-01
   7.0389893e-01   4.0059011e-01
   7.1603209e-01   3.9133680e-01
   7.0452459e-01   4.0596811e-01
   7.1421459e-01   4.0444265e-01
   7.1021924e-01   4.0342642e-01
   7.0311730e-01   4.0646114e-01
   7.1209725e-01   4.0026617e-01
   7.2045317e-01   3.9945321e-01
   7.0301721e-01   4.0628574e-01
   7.1337346e-01   4.0800469e-01
   7.1297559e-01   4.1069412e-01
   7.0094871e-01   4.0736602e-01
   7.1445067e-01   4.0848975e-01
   7.0083872e-01   4.0225126e-01
   7.1355654e-01   4.0294543e-01
   7.1909816e-01   4.0326510e-01
   7.0313470e-01   4.1213863e-01
   7.0668987e-01   4.0359921e-01
   7.0500928e-01   4.0559108e-01
   7.1652868e-01   4.1033284e-01
   6.9711791e-01   4.0297865e-01
   7.0034214e-01   4.0380628e-01
   7.0073262e-01   4.1458618e-01
   7.1468983e-01   4.1173843e-01
   7.1763861e-01   4.0259815e-01
   7.0068666e-01   4.0994556e-01
   7.1531425e-01   4.1512312e-01
   7.0709791e-01   4.0532749e-01
   7.0801007e-01   4.0502613e-01
   7.0639603e-01   4.1311194e-01
   7.1476031e-01   4.0321647e-01
   7.1620723e-01   4.0447810e-01
   6.9829848e-01   4.1290500e-01
   7.0318629e-01   4.0455170e-01
   7.0683206e-01   4.1217788e-01
   7.1109224e-01   4.1354389e-01
   7.0266431e-01   4.0511083e-01
   9.7797886e-01   4.0681408e-01
   9.8608483e-01   4.0329439e-01
   9.9389951e-01   3.9470523e-01
   9.9176376e-01   3.7688651e-01
   9.9038890e-01   3.4352161e-01
   9.8814443e-01   3.2963607e-01
   9.8648776e-01   2.9850712e-01
   9.7208480e-01   2.6805466e-01
   9.7198750e-01   2.4940788e-01
   9.7950727e-01   2.1532549e-01
   9.9157797e-01   1.8965652e-01
   9.7741426e-01   1.7431864e-01
   9.9057543e-01   1.4931966e-01
   9.9379967e-01   1.3925737e-01
   9.7991860e-01   1.2302198e-01
   9.8197942e-01   1.0045693e-01
   9.7740257e-01   9.5393230e-02
   9.8619593e-01   7.7604019e-02
   9.7355856e-01   6.4494064e-02
   9.9309355e-01   5.5393668e-02
   9.8791324e-01   4.7666642e-02
   9.7081518e-01   4.1279592e-02
   9.7148689e-01   2.5681408e-02
   9.7674990e-01   1.5500740e-02
   9.7939386e-01   1.0988461e-02
   9.8371605e-01   9.7885353e-03
   9.9273664e-01   8.8937904e-04
   9.7568898e-01  -3.9282179e-03
   9.8588855e-01  -1.1498441e-02
   9.8847200e-01  -2.1991900e-02
   9.8915229e-01  -2.2574030e-02
   9.7619196e-01  -2.9910043e-02
   9.8121698e-01  -2.9788234e-02
   9.7703990e-01  -3.3084250e-02
   9.8245563e-01  -2.9195111e-02
   9.8686448e-01  -4.4168708e-02
   9.7783513e-01  -3.8461862e-02
   9.8131759e-01  -4.4928631e-02
   9.9375774e-01  -4.9138591e-02
   9.7227562e-01  -5.1883848e-02
   9.8603352e-01  -4.1992194e-02
   9.9284405e-01  -4.6457278e-02
   9.8683042e-01  -5.6197703e-02
   9.8825497e-01  -4.7633052e-02
   9.9378103e-01  -4.9305450e-02
   9.7911616e-01  -4.8138361e-02
   9.7443332e-01  -6.1631736e-02
   9.8384289e-01  -5.4205277e-02
   9.8020995e-01  -5.2582164e-02
   9.8990691e-01  -6.4061175e-02
   9.9300607e-01  -5.2651891e-02
   9.8577015e-01  -5.8440693e-02
   9.7012439e-01  -5.8618378e-02
   9.7110665e-01  -5.9123726e-02
   9.8894226e-01  -5.6701445e-02
   9.7375844e-01  -5.6347022e-02
   9.9153138e-01  -6.4785720e-02
   9.7401282e-01  -6.0742374e-02
   9.7618061e-01  -6.2102167e-02
   9.7563579e-01  -5.9518215e-02
   9.8384847e-01  -5.9946680e-02
   9.7544048e-01  -6.9538939e-02
   9.8940376e-01  -6.3892831e-02
   9.8217159e-01  -7.1530651e-02
   9.7177863e-01  -6.1486870e-02
   9.8424636e-01  -6.9227882e-02
   9.8791813e-01  -6.3434530e-02
   9.8749613e-01  -7.0867578e-02
   9.7027299e-01  -6.1858883e-02
   7.7067650e-01  -5.9523040e-02
   7.5311641e-01  -6.0991108e-02
   7.6354154e-01  -5.6286986e-02
   7.5941180e-01  -3.8595366e-02
   7.5591796e-01  -1.5414499e-02
   7.5998331e-01   9.1192578e-03
   7.6812952e-01   4.2803603e-02
   7.7419734e-01   6.7454044e-02
   7.5477403e-01   8.0380557e-02
   7.5118590e-01   1.0353405e-01
   7.5736204e-01   1.3232043e-01
   7.5198576e-01   1.4237025e-01
   7.6296346e-01   1.6920021e-01
   7.6069371e-01   1.8265533e-01
   7.6490594e-01   2.0276603e-01
   7.6865313e-01   2.0395231e-01
   7.7134884e-01   2.2973423e-01
   7.6426936e-01   2.4071627e-01
   7.6034831e-01   2.4858018e-01
   7.5690133e-01   2.5810452e-01
   7.6215413e-01   2.6348734e-01
   7.6248091e-01   2.6701451e-01
   7.6414817e-01   2.7891125e-01
   7.6474662e-01   2.9264129e-01
   7.6834599e-01   2.9285003e-01
   7.5717814e-01   3.0306763e-01
   7.6224487e-01   3.0404295e-01
   7.5732960e-01   3.0640609e-01
   7.6542210e-01   3.2185682e-01
   7.6780912e-01   3.1532864e-01
   7.7432871e-01   3.2403214e-01
   7.5610686e-01   3.2901470e-01
   7.6211358e-01   3.2828573e-01
   7.5686240e-01   3.2947285e-01
   7.6121856e-01   3.3629034e-01
   7.6685884e-01   3.3576841e-01
   7.7072891e-01   3.4610219e-01
   7.7183674e-01   3.4080947e-01
   7.7386246e-01   3.4052505e-01
   7.5775267e-01   3.4398866e-01
   7.7006202e-01   3.5388704e-01
   7.6908303e-01   3.5699750e-01
   7.5050053e-01   3.5252764e-01
   7.5902986e-01   3.5135959e-01
   7.5083247e-01   3.5527937e-01
   7.5119182e-01   3.6167131e-01
   7.5959132e-01   3.5985080e-01
   7.6190042e-01   3.6338939e-01
   7.5883483e-01   3.5383506e-01
   7.5835984e-01   3.5504951e-01
   7.6028761e-01   3.6075567e-01
   7.5765277e-01   3.6126239e-01
   7.7365644e-01   3.6099194e-01
   7.7252374e-01   3.5732875e-01
   7.6724154e-01   3.5433440e-01
   7.5433969e-01   3.5872139e-01
   7.5310881e-01   3.6573129e-01
   7.6328061e-01   3.6178786e-01
   7.6494267e-01   3.5679713e-01
   7.6605755e-01   3.5630367e-01
   7.5818653e-01   3.6526792e-01
   7.5685351e-01   3.6353196e-01
   7.5239161e-01   3.6475599e-01
   7.5552562e-01   3.5887396e-01
   7.6148036e-01   3.6883953e-01
   7.6757748e-01   3.6919004e-01
   7.5103466e-01   3.6040924e-01
   7.5928503e-01   3.6153106e-01
   7.7089838e-01   3.6218191e-01
   9.0268350e-01   3.6374391e-01
   9.2022888e-01   3.5875625e-01
   9.1612957e-01   3.5873880e-01
   9.0571694e-01   3.5353757e-01
   9.0618213e-01   3.3028764e-01
   9.0744478e-01   3.2905107e-01
   9.0164449e-01   3.1544404e-01
   8.9822684e-01   2.9239325e-01
   9.0878619e-01   2.7939881e-01
   9.0095276e-01   2.6622906e-01
   9.1092630e-01   2.5501500e-01
   9.0999906e-01   2.4425289e-01
   9.0043437e-01   2.3312199e-01
   9.1138802e-01   2.2928497e-01
   9.1233336e-01   2.2721751e-01
   9.1094086e-01   2.1787088e-01
   9.1729639e-01   2.0704604e-01
   9.1807954e-01   1.9988322e-01
   9.1396499e-01   1.9921191e-01
   9.1179027e-01   1.9086332e-01
   8.9727774e-01   1.8059330e-01
   9.0617633e-01   1.7257546e-01
   9.0999323e-01   1.7559172e-01
   9.1819808e-01   1.7419008e-01
   9.1570271e-01   1.6282242e-01
   9.1292050e-01   1.7071875e-01
   9.0840529e-01   1.6379844e-01
   9.1684433e-01   1.5255409e-01
   9.1357143e-01   1.6085837e-01
   9.1381672e-01   1.4979650e-01
   9.1753051e-01   1.5579695e-01
   9.1196951e-01   1.5578575e-01
   8.9771583e-01   1.4130574e-01
   9.1301526e-01   1.4440288e-01
   9.1539542e-01   1.4462882e-01
   9.1252426e-01   1.4212808e-01
   9.2053022e-01   1.3878257e-01
   9.0262165e-01   1.4402382e-01
   9.0165850e-01   1.4127356e-01
   9.0163438e-01   1.3575706e-01
   9.1576398e-01   1.3183690e-01
   9.0635495e-01   1.3354702e-01
   9.1815193e-01   1.3673828e-01
   9.1479603e-01   1.3607537e-01
   9.0503701e-01   1.4140830e-01
   9.0472105e-01   1.2770783e-01
   9.0749947e-01   1.2755695e-01
   9.0147638e-01   1.4024626e-01
   9.1751361e-01   1.2880323e-01
   9.1629680e-01   1.3781225e-01
   8.9826431e-01   1.3396007e-01
   9.0593823e-01   1.3720443e-01
   9.0543240e-01   1.2474098e-01
   9.1758877e-01   1.3010810e-01
   9.0336052e-01   1.2587237e-01
   9.0520085e-01   1.2745840e-01
   9.0014542e-01   1.3507073e-01
   9.0084138e-01   1.3030725e-01
   9.0333822e-01   1.2780738e-01
   8.9787764e-01   1.2656435e-01
   9.1893157e-01   1.3053058e-01
   9.0119913e-01   1.2937033e-01
   9.0022048e-01   1.3106259e-01
   9.0169701e-01   1.2919420e-01
   9.0618221e-01   1.2788668e-01
   9.1218715e-01   1.3256080e-01
   9.1243322e-01   1.3577012e-01
   9.0261399e-01   1.3099579e-01
   9.0017448e-01   1.3022138e-01
  -3.0882482e-01   1.2929642e-01
  -3.0013857e-01   1.2408567e-01
  -2.9928139e-01   1.2785993e-01
  -3.1811168e-01   1.1444003e-01
  -3.0819768e-01   1.0212515e-01
  -3.1131917e-01   7.8719651e-02
  -3.1975936e-01   6.1728130e-02
  -3.0199803e-01   4.8712668e-02
  -3.0306483e-01   3.1993318e-02
  -3.0146455e-01   2.0595751e-02
  -2.9974869e-01   6.7389095e-03
  -3.0612590e-01   3.1611044e-03
  -3.0990937e-01  -1.9173942e-02
  -3.1273150e-01  -2.4215001e-02
  -3.1577434e-01  -2.6780366e-02
  -3.0513040e-01  -3.6469804e-02
  -3.1621734e-01  -5.1321589e-02
  -3.1966488e-01  -5.8717683e-02
  -3.1184308e-01  -6.1212056e-02
  -3.1941662e-01  -7.3548334e-02
  -3.1682048e-01  -6.7549167e-02
  -3.1696807e-01  -8.3640912e-02
  -2.9847067e-01  -8.8116270e-02
  -3.0759358e-01  -8.1447648e-02
  -3.1754550e-01  -9.6241472e-02
  -3.1577605e-01  -9.3039450e-02
  -3.2050948e-01  -9.5273196e-02
  -3.1875370e-01  -9.9549467e-02
  -3.1607913e-01  -1.0743992e-01
  -3.1359428e-01  -1.0890072e-01
  -3.1403982e-01  -1.1201882e-01
  -3.2169379e-01  -1.1408654e-01
  -3.0765380e-01  -1.1643741e-01
  -3.1606883e-01  -1.1717170e-01
  -3.2083130e-01  -1.2028088e-01
  -3.1083192e-01  -1.1919759e-01
  -3.1121344e-01  -1.2291404e-01
  -3.1200426e-01  -1.1814000e-01
  -3.1887139e-01  -1.2682887e-01
  -3.1145537e-01  -1.2691501e-01
  -3.1332609e-01  -1.1949896e-01
  -3.1508798e-01  -1.2460244e-01
  -3.1606165e-01  -1.2632118e-01
  -3.0838434e-01  -1.3214632e-01
  -3.1671470e-01  -1.2928181e-01
  -3.1121223e-01  -1.3448469e-01
  -3.0736927e-01  -1.3220999e-01
  -3.0279086e-01  -1.2961906e-01
  -3.2082157e-01  -1.3324379e-01
  -3.1713707e-01  -1.2865233e-01
  -3.1087502e-01  -1.3004806e-01
  -3.0005966e-01  -1.3714102e-01
  -3.2093377e-01  -1.3323086e-01
  -3.0252831e-01  -1.3262532e-01
  -2.9873121e-01  -1.3179154e-01
  -3.1406670e-01  -1.3318317e-01
  -3.0261928e-01  -1.3986630e-01
  -3.1373569e-01  -1.3816639e-01
  -2.9975111e-01  -1.3280518e-01
  -3.0307245e-01  -1.3512644e-01
  -3.0148460e-01  -1.3900506e-01
  -3.1928332e-01  -1.3805776e-01
  -3.0894019e-01  -1.3709762e-01
  -3.1134200e-01  -1.3234065e-01
  -3.1497851e-01  -1.2990576e-01
  -3.1105999e-01  -1.2958368e-01
  -3.1060521e-01  -1.3998306e-01
  -3.0607439e-01  -1.3102302e-01
  -3.1941227e-01  -1.3963134e-01
  -3.0642678e-01  -1.3314452e-01
  -3.1154525e-01  -1.2903896e-01
  -3.1865244e-01  -1.3911921e-01
  -3.0533908e-01  -1.3013790e-01
  -2.9856039e-01  -1.3235097e-01
  -3.2236777e-01  -1.3709635e-01
  -3.1753197e-01  -1.3260920e-01
  -3.0061034e-01  -1.3058178e-01
  -3.0584125e-01  -1.4166225e-01
  -3.1668493e-01  -1.2998925e-01
  -3.1676676e-01  -1.3208288e-01
  -3.1954193e-01  -1.3682316e-01
  -3.1364634e-01  -1.3417200e-01
  -3.0033890e-01  -1.3832698e-01
  -3.2208862e-01  -1.3060557e-01
  -3.2129341e-01  -1.3656033e-01
  -2.9984341e-01  -1.3980056e-01
  -3.1307449e-01  -1.4221093e-01
  -2.9927006e-01  -1.3669891e-01
  -3.0725349e-01  -1.4139018e-01
  -2.9912953e-01  -1.3349031e-01
  -3.0756173e-01  -1.3404733e-01
  -3.1367631e-01  -1.3298977e-01
  -3.1457203e-01  -1.3108604e-01
  -3.0610989e-01  -1.4108159e-01
  -3.1211635e-01  -1.3892644e-01
  -3.1743395e-01  -1.3386584e-01
  -3.1257669e-01  -1.3681680e-01
  -3.1833718e-01  -1.3202471e-01
  -3.0084701e-01  -1.4015065e-01
  -3.0553397e-01  -1.3719653e-01
  -3.1962662e-01  -1.3764551e-01
  -3.1059615e-01  -1.4169161e-01
  -3.0943323e-01  -1.3564056e-01
  -3.2217104e-01  -1.2932042e-01
  -3.2047572e-01  -1.3312098e-01
  -3.0268801e-01  -1.3013231e-01
  -3.0320267e-01  -1.3337833e-01
  -3.0303588e-01  -1.3973236e-01
  -3.1546994e-01  -1.3059828e-01
  -3.0750684e-01  -1.3435139e-01
  -3.2209878e-01  -1.3752616e-01
  -3.0658429e-01  -1.3410132e-01
  -3.2038880e-01  -1.4264574e-01
  -3.1857782e-01  -1.3930035e-01
  -3.0169222e-01  -1.3079830e-01
  -2.9924276e-01  -1.4088982e-01
  -3.1096614e-01  -1.3777224e-01
  -3.1100262e-01  -1.3844943e-01
  -3.1483935e-01  -1.4014354e-01
  -3.0802844e-01  -1.4106716e-01
  -3.2149625e-01  -1.4220763e-01
  -3.1577853e-01  -1.3897970e-01
  -3.1261566e-01  -1.2943787e-01
  -3.0859783e-01  -1.3069805e-01
  -3.1184655e-01  -1.3582922e-01
  -2.9972439e-01  -1.3449921e-01
  -3.0836562e-01  -1.3735175e-01
  -3.1543390e-01  -1.3689931e-01
  -3.0310803e-01  -1.3340472e-01
  -3.0964934e-01  -1.2940858e-01
  -3.0266137e-01  -1.3662206e-01
  -3.1416857e-01  -1.3600247e-01
  -3.1243175e-01  -1.3728717e-01
  -3.1398193e-01  -1.3996434e-01
  -3.0017287e-01  -1.4124246e-01
  -3.1452433e-01  -1.3922655e-01
  -3.1882459e-01  -1.4034147e-01
  -3.0930262e-01  -1.3115238e-01
   3.6401679e-02  -1.4009626e-01
   3.5125735e-02  -1.3525795e-01
   3.4413885e-02  -1.3278784e-01
   4.7458701e-02  -1.1709114e-01
   4.4922731e-02  -1.1806286e-01
   3.6649816e-02  -1.0742401e-01
   3.4387430e-02  -8.8858201e-02
   4.9922946e-02  -7.8366978e-02
   5.1394850e-02  -8.1469357e-02
   5.7734440e-02  -7.2104025e-02
   5.1694884e-02  -5.5480303e-02
   3.9812471e-02  -4.7800678e-02
   4.1271202e-02  -4.4235781e-02
   3.5417761e-02  -3.1916209e-02
   3.9327104e-02  -2.4982795e-02
   5.7491124e-02  -2.5757527e-02
   5.4446946e-02  -1.7149964e-02
   4.6403977e-02  -2.0647398e-02
   3.8568565e-02  -4.1302051e-03
   4.0190020e-02  -1.0784604e-02
   3.5968440e-02  -7.4426605e-03
   4.4894377e-02   8.1110904e-03
   5.3479457e-02   9.5618820e-03
   3.6671141e-02   9.7109200e-03
   3.4258639e-02   1.5335608e-02
   5.7902556e-02   6.0775310e-03
   5.4681482e-02   1.7494542e-02
   5.3277706e-02   1.5684831e-02
   3.8788500e-02   1.1988761e-02
   3.7909016e-02   1.3565652e-02
   3.8384747e-02   2.6696111e-02
   4.5689474e-02   1.9798171e-02
   4.5831067e-02   1.7577642e-02
   4.1350875e-02   2.0363333e-02
   4.8068182e-02   2.5597685e-02
   3.7803647e-02   2.9620401e-02
   5.2159824e-02   3.4256994e-02
   4.7823686e-02   3.1297338e-02
   4.0686895e-02   2.5331839e-02
   5.6732119e-02   3.5188418e-02
   5.6100191e-02   3.2007342e-02
   5.7885645e-02   3.7222818e-02
   5.4464634e-02   3.0049960e-02
   4.5452505e-02   3.2417502e-02
   3.7785138e-02   3.1729422e-02
   4.2194272e-02   3.6909199e-02
   5.1316955e-02   3.1984370e-02
   5.1923146e-02   3.0814719e-02
   5.5950786e-02   3.4201387e-02
   5.6049566e-02   3.3621820e-02
   3.4861437e-02   4.0293044e-02
   3.9751934e-02   3.8026331e-02
   4.9256412e-02   3.5571084e-02
   4.1387900e-02   4.0807801e-02
   4.8379201e-02   4.1924033e-02
   5.1239356e-02   3.3569603e-02
   4.8782276e-02   3.5463628e-02
   4.7763852e-02   4.2304043e-02
   5.0737435e-02   3.8064477e-02
   5.4265457e-02   3.5571040e-02
   3.8618676e-02   3.4843968e-02
   5.4323740e-02   3.6409295e-02
   5.6339222e-02   3.8961374e-02
   4.8297536e-02   3.8051633e-02
   5.1577898e-02   4.3312419e-02
   5.7756590e-02   3.7797889e-02
   3.4460908e-02   3.3824399e-02
   5.2270485e-02   3.8927499e-02
   3.5479659e-02   4.0511114e-02
   4.7258105e-01   4.4010701e-02
   4.8361020e-01   4.3264481e-02
   4.9494023e-01   4.6220190e-02
   4.7534872e-01   6.3786018e-02
   4.7993487e-01   8.3753362e-02
   4.8815737e-01   1.0408958e-01
   4.8787168e-01   1.3408187e-01
   4.9556802e-01   1.5204257e-01
   4.7827029e-01   1.6835205e-01
   4.8827174e-01   1.9233125e-01
   4.8063848e-01   2.0734393e-01
   4.7274638e-01   2.1687874e-01
   4.9636844e-01   2.3502439e-01
   4.7658266e-01   2.5473929e-01
   4.8868389e-01   2.6012092e-01
   4.9150651e-01   2.8094215e-01
   4.8994611e-01   2.8342473e-01
   4.8097933e-01   2.9712805e-01
   4.8929069e-01   3.0449903e-01
   4.8474230e-01   3.2001398e-01
   4.9048170e-01   3.2700595e-01
   4.8203479e-01   3.2714474e-01
   4.8455058e-01   3.3889426e-01
   4.8912002e-01   3.3950934e-01
   4.7883769e-01   3.5045461e-01
   4.7349906e-01   3.4937879e-01
   4.8984182e-01   3.6283312e-01
   4.9365461e-01   3.6124028e-01
   4.8072545e-01   3.6417872e-01
   4.7390574e-01   3.7029531e-01
   4.8871853e-01   3.7328980e-01
   4.8965841e-01   3.7498657e-01
   4.8410487e-01   3.8040949e-01
   4.7696689e-01   3.8631312e-01
   4.8908157e-01   3.9249375e-01
   4.8683760e-01   3.8415627e-01
   4.8533603e-01   3.9271573e-01
   4.9118195e-01   3.9427428e-01
   4.7757724e-01   3.8833221e-01
   4.7904892e-01   3.8983125e-01
   4.8651861e-01   4.0096215e-01
   4.8078674e-01   3.9051395e-01
   4.9107074e-01   3.9657324e-01
   4.9097074e-01   3.9700041e-01
   4.7992147e-01   3.9792484e-01
   4.9509299e-01   3.9857684e-01
   4.9120416e-01   3.9939347e-01
   4.7494716e-01   4.0053689e-01
   4.7382803e-01   4.0280722e-01
   4.7526971e-01   3.9877755e-01
   4.9466467e-01   4.0755921e-01
   4.8762901e-01   4.1088004e-01
   4.8852400e-01   4.0997267e-01
   4.8374952e-01   4.0458689e-01
   4.8747950e-01   4.0173755e-01
   4.8709855e-01   4.1061007e-01
   4.7344433e-01   4.1435774e-01
   4.8033148e-01   4.0396813e-01
   4.8792351e-01   4.0615826e-01
   4.9525203e-01   4.0839569e-01
   4.8582678e-01   4.0730238e-01
   4.7856333e-01   4.1441522e-01
   4.8114192e-01   4.1404962e-01
   4.8257185e-01   4.0761279e-01
   4.8596475e-01   4.1392689e-01
   4.7703511e-01   4.0317087e-01
   4.9054809e-01   4.0528325e-01
   4.9451698e-01   4.1480595e-01
   4.9321854e-01   4.1633177e-01
  -9.1135955e-01   4.1489073e-01
  -9.0546121e-01   4.0959708e-01
  -8.9649402e-01   4.1685663e-01
  -9.1905877e-01   4.1970651e-01
  -9.1038147e-01   4.2966029e-01
  -9.0294389e-01   4.3847482e-01
  -9.0444088e-01   4.4157158e-01
  -9.0763717e-01   4.4463585e-01
  -9.0508683e-01   4.5507483e-01
  -9.1025917e-01   4.6777851e-01
  -9.0386550e-01   4.6553593e-01
  -9.1662599e-01   4.8034391e-01
  -9.1529792e-01   4.8417775e-01
  -8.9856600e-01   4.8360283e-01
  -8.9874441e-01   4.9630588e-01
  -9.0864411e-01   4.9552100e-01
  -8.9999861e-01   4.9831964e-01
  -9.0015157e-01   5.0076010e-01
  -9.0033959e-01   5.1130877e-01
  -9.1676447e-01   5.1165720e-01
  -9.0069337e-01   5.1061760e-01
  -9.0712353e-01   5.1170545e-01
  -9.0668827e-01   5.1765681e-01
  -9.1906101e-01   5.1873089e-01
  -9.0114105e-01   5.2738454e-01
  -9.1749190e-01   5.2214599e-01
  -8.9623470e-01   5.2719524e-01
  -9.1096527e-01   5.2990744e-01
  -8.9645385e-01   5.2970129e-01
  -9.1543886e-01   5.2995538e-01
  -8.9999563e-01   5.3152224e-01
  -9.0413293e-01   5.4018199e-01
  -9.0327404e-01   5.4054802e-01
  -9.0212212e-01   5.3068506e-01
  -8.9968309e-01   5.3356696e-01
  -8.9796883e-01   5.4017398e-01
  -9.1129444e-01   5.4390309e-01
  -9.0080496e-01   5.4170428e-01
  -9.0728304e-01   5.4762918e-01
  -8.9943974e-01   5.3878725e-01
  -9.0167930e-01   5.4648268e-01
  -9.0367483e-01   5.3580624e-01
  -9.0758883e-01   5.3877475e-01
  -9.1823363e-01   5.4652417e-01
  -9.0136853e-01   5.4070899e-01
  -9.0155868e-01   5.4361446e-01
  -9.1253878e-01   5.4540623e-01
  -9.0363810e-01   5.4298733e-01
  -9.1015780e-01   5.5121677e-01
  -9.0682058e-01   5.4629350e-01
  -9.0158198e-01   5.3937555e-01
  -9.0366469e-01   5.4562469e-01
  -9.0952443e-01   5.4911895e-01
  -9.1630774e-01   5.4423730e-01
  -8.9820259e-01   5.4216540e-01
  -9.1570898e-01   5.4022522e-01
  -9.1552653e-01   5.4632589e-01
  -9.1510510e-01   5.5286525e-01
  -9.1270906e-01   5.5202913e-01
  -9.0209465e-01   5.4918425e-01
  -9.0408348e-01   5.4704810e-01
  -8.9876013e-01   5.5274146e-01
  -9.1814633e-01   5.5261634e-01
  -9.0340525e-01   5.4955616e-01
  -9.0754302e-01   5.4509006e-01
  -8.9560260e-01   5.4029060e-01
  -9.0154818e-01   5.5328519e-01
  -8.9695944e-01   5.5256433e-01
  -8.9531311e-01   5.4464921e-01
   5.4845052e-01   5.5250559e-01
   5.6634872e-01   5.4590983e-01
   5.5694061e-01   5.4101937e-01
   5.6627268e-01   5.3848925e-01
   5.5868866e-01   5.3222286e-01
   5.6907839e-01   5.3156356e-01
   5.7015926e-01   5.2542554e-01
   5.5701893e-01   5.1632876e-01
   5.5587916e-01   5.0693343e-01
   5.4917387e-01   5.1002786e-01
   5.6372414e-01   4.9459120e-01
   5.5105224e-01   5.0053700e-01
   5.7088980e-01   4.9485941e-01
   5.4867911e-01   4.8005936e-01
   5.7143377e-01   4.7482711e-01
   5.6015776e-01   4.8021907e-01
   5.5724518e-01   4.6912675e-01
   5.6843458e-01   4.6619905e-01
   5.7165196e-01   4.7377013e-01
   5.6953902e-01   4.7140425e-01
   5.6510585e-01   4.6655065e-01
   5.6363602e-01   4.5545876e-01
   5.6601944e-01   4.5921254e-01
   5.6033771e-01   4.5349111e-01
   5.6820661e-01   4.5593390e-01
   5.5624075e-01   4.4993970e-01
   5.5551358e-01   4.5525582e-01
   5.4889188e-01   4.5041187e-01
   5.5777682e-01   4.4940026e-01
   5.4845730e-01   4.5322418e-01
   5.5913462e-01   4.5559339e-01
   5.5223898e-01   4.5474341e-01
   5.6865117e-01   4.4112331e-01
   5.6990300e-01   4.4121141e-01
   5.6697304e-01   4.5032830e-01
   5.7145588e-01   4.3964931e-01
   5.6016388e-01   4.5110488e-01
   5.6738705e-01   4.4614690e-01
   5.6591687e-01   4.4121259e-01
   5.5261609e-01   4.4604220e-01
   5.6009814e-01   4.4737473e-01
   5.7016229e-01   4.3903812e-01
   5.6234113e-01   4.4245099e-01
   5.6453431e-01   4.3726840e-01
   5.5021114e-01   4.3607606e-01
   5.6178340e-01   4.3655706e-01
   5.5429125e-01   4.4004256e-01
   5.5922768e-01   4.4518658e-01
   5.5832983e-01   4.3971402e-01
   5.7010465e-01   4.3474843e-01
   5.6921629e-01   4.4662594e-01
   5.7061850e-01   4.3818736e-01
   5.5388886e-01   4.4607216e-01
   5.6326589e-01   4.3384069e-01
   5.5328060e-01   4.3263877e-01
   5.6713776e-01   4.4340332e-01
   5.5497975e-01   4.4462093e-01
   5.6854389e-01   4.4229294e-01
   5.5916142e-01   4.3657673e-01
   5.5226836e-01   4.3743548e-01
   5.5760260e-01   4.3729993e-01
   5.6375847e-01   4.3185978e-01
   5.5841138e-01   4.4237998e-01
   5.6664410e-01   4.4181147e-01
   5.6889064e-01   4.3505925e-01
   5.6492800e-01   4.3771436e-01
   5.5361961e-01   4.4522812e-01
   5.5041565e-01   4.3819643e-01
   5.6479928e-01   4.3717290e-01
  -6.6687960e-01   4.4523910e-01
  -6.7821719e-01   4.3540236e-01
  -6.6370149e-01   4.3368924e-01
  -6.8582328e-01   4.1716924e-01
  -6.8508182e-01   4.0162334e-01
  -6.6722979e-01   3.8231725e-01
  -6.6619709e-01   3.6340225e-01
  -6.7319025e-01   3.4238325e-01
  -6.6476697e-01   3.1947903e-01
  -6.6601947e-01   3.1095615e-01
  -6.8546888e-01   2.8843346e-01
  -6.8156269e-01   2.8640085e-01
  -6.8241190e-01   2.6838056e-01
  -6.7380405e-01   2.5706161e-01
  -6.6800580e-01   2.4375372e-01
  -6.7560999e-01   2.3108864e-01
  -6.8375689e-01   2.2952427e-01
  -6.8180839e-01   2.1486087e-01
  -6.7377642e-01   2.0787213e-01
  -6.6787296e-01   1.9368291e-01
  -6.8166949e-01   1.9632546e-01
  -6.6699445e-01   1.8118459e-01
  -6.8233338e-01   1.7456340e-01
  -6.8169691e-01   1.7095475e-01
  -6.8485837e-01   1.7016065e-01
  -6.7705667e-01   1.7079641e-01
  -6.6901900e-01   1.6697509e-01
  -6.7941634e-01   1.5814534e-01
  -6.7006378e-01   1.5796645e-01
  -6.7813297e-01   1.5198840e-01
  -6.6694260e-01   1.5387110e-01
  -6.6583443e-01   1.4757707e-01
  -6.6628288e-01   1.4498870e-01
  -6.6341646e-01   1.4504814e-01
  -6.8607847e-01   1.4038018e-01
  -6.8274315e-01   1.4032265e-01
  -6.7119061e-01   1.3418387e-01
  -6.7880723e-01   1.2790828e-01
  -6.8367388e-01   1.2705879e-01
  -6.7970685e-01   1.2996620e-01
  -6.7568994e-01   1.2320397e-01
  -6.7311236e-01   1.2262382e-01
  -6.6561637e-01   1.3269186e-01
  -6.7513068e-01   1.2044638e-01
  -6.6506709e-01   1.2983538e-01
  -6.7617422e-01   1.2428220e-01
  -6.6885983e-01   1.2850388e-01
  -6.8492264e-01   1.2970356e-01
  -6.7578245e-01   1.2876987e-01
  -6.7392197e-01   1.2619548e-01
  -6.7010547e-01   1.2862582e-01
  -6.8159368e-01   1.1894292e-01
  -6.7628505e-01   1.2398320e-01
  -6.7382403e-01   1.1914811e-01
  -6.8365274e-01   1.2350752e-01
  -6.7573519e-01   1.1537417e-01
  -6.8035096e-01   1.2424135e-01
  -6.7032211e-01   1.1844195e-01
  -6.8047989e-01   1.2034561e-01
  -6.6806188e-01   1.2050546e-01
  -6.6351686e-01   1.1489295e-01
  -6.8411520e-01   1.1252923e-01
  -6.7566220e-01   1.2289840e-01
  -6.6375897e-01   1.1402132e-01
  -6.7330628e-01   1.2352941e-01
  -6.6551310e-01   1.1461868e-01
  -6.7313572e-01   1.1442721e-01
  -6.6955355e-01   1.2475958e-01
  -6.8478419e-01   1.1270236e-01
  -8.9528960e-01   1.1923720e-01
  -9.1428440e-01   1.1297926e-01
  -9.1527360e-01   1.3246053e-01
  -9.0307951e-01   1.4269817e-01
  -9.0340487e-01   1.7230443e-01
  -8.9936941e-01   1.8811609e-01
  -9.0070100e-01   2.2123886e-01
  -9.0892526e-01   2.3769598e-01
  -9.1513981e-01   2.6276980e-01
  -9.1109836e-01   2.8535863e-01
  -8.9742880e-01   3.0601468e-01
  -9.1289376e-01   3.2100587e-01
  -9.0444188e-01   3.4762585e-01
  -9.0016100e-01   3.6197241e-01
  -8.9815222e-01   3.7228066e-01
  -9.0249843e-01   3.9707666e-01
  -8.9491450e-01   4.0426131e-01
  -9.1141435e-01   4.1391303e-01
  -9.0715809e-01   4.3307869e-01
  -9.0610097e-01   4.3403524e-01
  -8.9790528e-01   4.4393596e-01
  -8.9938902e-01   4.5380151e-01
  -9.0971097e-01   4.6492280e-01
  -9.1491786e-01   4.7087509e-01
  -8.9740603e-01   4.7965711e-01
  -9.1498267e-01   4.8428632e-01
  -9.0463957e-01   4.9261218e-01
  -8.9448728e-01   4.8420159e-01
  -8.9472424e-01   4.9654922e-01
  -9.1375754e-01   5.0104938e-01
  -8.9551569e-01   5.0570679e-01
  -8.9828257e-01   5.1186784e-01
  -9.0005365e-01   5.0876498e-01
  -9.0781778e-01   5.1355398e-01
  -9.0631361e-01   5.1155619e-01
  -9.1127080e-01   5.1317665e-01
  -9.0309366e-01   5.1931447e-01
  -9.1685017e-01   5.2829722e-01
  -9.1436216e-01   5.2742172e-01
  -9.0083774e-01   5.2293952e-01
  -9.0971535e-01   5.2413672e-01
  -9.0471134e-01   5.3480963e-01
  -9.0351398e-01   5.3307522e-01
  -8.9542132e-01   5.3176465e-01
  -9.0006492e-01   5.3441382e-01
  -9.0415368e-01   5.3572836e-01
  -9.1132808e-01   5.2979713e-01
  -9.1577053e-01   5.3964848e-01
  -9.1097743e-01   5.3303078e-01
  -9.1553595e-01   5.3666982e-01
  -8.9954083e-01   5.3888409e-01
  -9.1179144e-01   5.4426234e-01
  -9.0500977e-01   5.3215372e-01
  -9.1732881e-01   5.3405094e-01
  -9.1306080e-01   5.3812552e-01
  -9.0596680e-01   5.3358601e-01
  -9.0383120e-01   5.3860933e-01
  -9.0166899e-01   5.3616613e-01
  -8.9747437e-01   5.4490391e-01
  -9.0139511e-01   5.4761462e-01
  -9.1293303e-01   5.3941261e-01
  -9.0847078e-01   5.4454934e-01
  -9.0140631e-01   5.4815634e-01
  -8.9528946e-01   5.4240215e-01
  -9.0310892e-01   5.3773287e-01
  -9.0940652e-01   5.4451844e-01
  -8.9532958e-01   5.4580334e-01
  -9.0173090e-01   5.4796693e-01
  -9.0350036e-01   5.4202144e-01
   9.0904775e-01   5.4752843e-01
   9.0866864e-01   5.5084978e-01
   8.9361786e-01   5.3509459e-01
   8.9193162e-01   5.1581016e-01
   9.0585593e-01   5.0100448e-01
   8.9336132e-01   4.7290128e-01
   8.9558461e-01   4.5161668e-01
   8.9545058e-01   4.2274713e-01
   8.9490525e-01   3.9811772e-01
   9.0049281e-01   3.8431013e-01
   8.9441888e-01   3.6911733e-01
   8.9424868e-01   3.4570681e-01
   8.9771246e-01   3.2792508e-01
   9.0806902e-01   3.1880126e-01
   9.1206237e-01   2.9600253e-01
   9.0702583e-01   2.9229757e-01
   8.9668798e-01   2.8303033e-01
   9.0241059e-01   2.6126082e-01
   9.0646035e-01   2.6043475e-01
   9.0071254e-01   2.4763470e-01
   9.0347372e-01   2.3372847e-01
   8.9102000e-01   2.2959992e-01
   9.1171383e-01   2.2781508e-01
   9.1348216e-01   2.1726477e-01
   9.0148440e-01   2.0830117e-01
   8.9414210e-01   1.9931518e-01
   9.0829691e-01   1.9468460e-01
   9.1116683e-01   1.9442875e-01
   9.0267645e-01   1.8968266e-01
   9.0606938e-01   1.8650002e-01
   8.9836093e-01   1.8769068e-01
   8.9243838e-01   1.8296988e-01
   9.0405229e-01   1.7851238e-01
   8.9796862e-01   1.7000689e-01
   8.9265856e-01   1.7272725e-01
   8.9887411e-01   1.6541443e-01
   9.1337229e-01   1.7231593e-01
   8.9658107e-01   1.6417063e-01
   8.9132370e-01   1.6266436e-01
   9.0351262e-01   1.6567738e-01
   9.0894681e-01   1.5436139e-01
   9.0073150e-01   1.5294459e-01
   9.1387711e-01   1.5401648e-01
   9.1222489e-01   1.5514256e-01
   9.0668265e-01   1.5327004e-01
   8.9094405e-01   1.4887539e-01
   8.9012996e-01   1.5813528e-01
   9.0280916e-01   1.5848983e-01
   9.0762493e-01   1.4627293e-01
   8.9299321e-01   1.4662554e-01
   8.9859733e-01   1.4920886e-01
   8.9061163e-01   1.5013419e-01
   8.9949866e-01   1.4479524e-01
   8.9624127e-01   1.4780308e-01
   9.0847384e-01   1.4683532e-01
   8.9614636e-01   1.4607038e-01
   8.9958475e-01   1.4968273e-01
   9.0671789e-01   1.4153246e-01
   9.0314280e-01   1.5121596e-01
   9.1122766e-01   1.4266859e-01
   8.9187696e-01   1.5212495e-01
   9.1043934e-01   1.5204161e-01
   9.1279190e-01   1.4498163e-01
   9.0482251e-01   1.4868688e-01
   9.0778600e-01   1.4133102e-01
   9.1120587e-01   1.4500334e-01
   9.0998656e-01   1.4665353e-01
   9.0835156e-01   1.4905971e-01
   8.9409885e-01   1.4200020e-01
   6.2646935e-01   1.3936325e-01
   6.3303683e-01   1.4837573e-01
   6.3002349e-01   1.4889413e-01
   6.1475879e-01   1.6267839e-01
   6.3217788e-01   1.8494635e-01
   6.2221023e-01   1.9219972e-01
   6.2140296e-01   2.1215954e-01
   6.3316210e-01   2.2963062e-01
   6.1851384e-01   2.4931444e-01
   6.3506589e-01   2.6643782e-01
   6.2666145e-01   2.7785861e-01
   6.2384270e-01   2.9190524e-01
   6.2557591e-01   2.9895812e-01
   6.1409841e-01   3.1914208e-01
   6.1725286e-01   3.3173224e-01
   6.1474260e-01   3.3992442e-01
   6.3528207e-01   3.4808909e-01
   6.2180470e-01   3.4584894e-01
   6.1329454e-01   3.6043330e-01
   6.2127245e-01   3.6886637e-01
   6.2664385e-01   3.7445467e-01
   6.2766187e-01   3.7351325e-01
   6.3075173e-01   3.7817780e-01
   6.1630260e-01   3.8452320e-01
   6.2710064e-01   3.8886973e-01
   6.2222577e-01   3.9420957e-01
   6.3183870e-01   4.0217996e-01
   6.2608167e-01   4.0451359e-01
   6.3483377e-01   4.0103915e-01
   6.3422292e-01   4.0863363e-01
   6.2925057e-01   4.1402093e-01
   6.1427676e-01   4.0927494e-01
   6.1812174e-01   4.1641713e-01
   6.3561333e-01   4.1965221e-01
   6.2011412e-01   4.1807112e-01
   6.3264334e-01   4.2679476e-01
   6.2641014e-01   4.1711963e-01
   6.2193222e-01   4.2099293e-01
   6.1870978e-01   4.2390880e-01
   6.2927195e-01   4.3017308e-01
   6.1666286e-01   4.2347060e-01
   6.2431122e-01   4.3452679e-01
   6.3357913e-01   4.3224903e-01
   6.2302623e-01   4.3467805e-01
   6.2835588e-01   4.2845383e-01
   6.2676995e-01   4.3268840e-01
   6.1874697e-01   4.3770183e-01
   6.2045473e-01   4.3495957e-01
   6.2198622e-01   4.3939081e-01
   6.3000139e-01   4.4211771e-01
   6.2391572e-01   4.4038813e-01
   6.1534137e-01   4.2978573e-01
   6.2390112e-01   4.4096575e-01
   6.3271957e-01   4.3614333e-01
   6.1235700e-01   4.3513499e-01
   6.3347300e-01   4.4398640e-01
   6.2805195e-01   4.3278200e-01
   6.2904036e-01   4.3492501e-01
   6.1519908e-01   4.4440761e-01
   6.1473239e-01   4.3664576e-01
   6.1623386e-01   4.4218314e-01
   6.2866385e-01   4.3390611e-01
   6.1785700e-01   4.3638865e-01
   6.3286821e-01   4.3425546e-01
   6.1895949e-01   4.4498785e-01
   6.2181881e-01   4.3475899e-01
   6.1737143e-01   4.3852594e-01
   6.3050810e-01   4.4232415e-01
   6.1994316e-01   4.3305641e-01
   3.7952582e-01   4.4555163e-01
   3.8113898e-01   4.4398908e-01
   3.9399129e-01   4.3351068e-01
   3.9422131e-01   4.2739838e-01
   3.7564531e-01   4.3423490e-01
   3.9479306e-01   4.2117897e-01
   3.8901394e-01   4.1575916e-01
   3.9488152e-01   4.0659270e-01
   3.9510331e-01   4.0434851e-01
   3.8033515e-01   4.0731351e-01
   3.8348735e-01   4.0300990e-01
   3.7751911e-01   3.9543584e-01
   3.9707833e-01   3.9220730e-01
   3.9494209e-01   3.8671117e-01
   3.8906756e-01   3.8479570e-01
   3.9024094e-01   3.8819916e-01
   3.9502007e-01   3.7253101e-01
   3.9614279e-01   3.7732370e-01
   3.9424243e-01   3.7986413e-01
   3.9443103e-01   3.7672807e-01
   3.7948977e-01   3.6349832e-01
   3.7661010e-01   3.6475684e-01
   3.9630039e-01   3.6756864e-01
   3.9461657e-01   3.6531579e-01
   3.9266844e-01   3.6999050e-01
   3.9615615e-01   3.6199656e-01
   3.9486412e-01   3.5941537e-01
   3.8058551e-01   3.5514398e-01
   3.8802477e-01   3.6295397e-01
   3.8825062e-01   3.5575509e-01
   3.9403294e-01   3.5535728e-01
   3.9384415e-01   3.5036160e-01
   3.8477986e-01   3.5102137e-01
   3.9162965e-01   3.4875763e-01
   3.9056185e-01   3.4934202e-01
   3.8664980e-01   3.4854188e-01
   3.9527322e-01   3.5792651e-01
   3.7565777e-01   3.4751961e-01
   3.7963535e-01   3.5500366e-01
   3.9423612e-01   3.5006092e-01
   3.8502204e-01   3.4881759e-01
   3.9257598e-01   3.5340285e-01
   3.9196820e-01   3.5405163e-01
   3.9244490e-01   3.4625396e-01
   3.8333965e-01   3.5737347e-01
   3.7758090e-01   3.5756956e-01
   3.7466780e-01   3.5200793e-01
   3.8030940e-01   3.4414528e-01
   3.8098521e-01   3.5016760e-01
   3.8211000e-01   3.5533652e-01
   3.7789174e-01   3.4884322e-01
   3.7518384e-01   3.5662071e-01
   3.8336922e-01   3.5409937e-01
   3.8728787e-01   3.4530398e-01
   3.7687115e-01   3.4763067e-01
   3.7462151e-01   3.4589583e-01
   3.9087322e-01   3.5564935e-01
   3.9178049e-01   3.4881405e-01
   3.8007729e-01   3.4804560e-01
   3.9063960e-01   3.5437352e-01
   3.7446166e-01   3.5257652e-01
   3.8770070e-01   3.5358440e-01
   3.7710206e-01   3.4556856e-01
   3.7908020e-01   3.5163941e-01
   3.7442968e-01   3.4803213e-01
   3.7416597e-01   3.5539269e-01
   3.8549928e-01   3.4478773e-01
   3.8696121e-01   3.4288052e-01
   3.8449906e-01   3.5539374e-01
   3.5088776e-01   3.4584035e-01
   3.6621409e-01   3.5335426e-01
   3.6436785e-01   3.5135252e-01
   3.6548283e-01   3.4130153e-01
   3.4569039e-01   3.4507757e-01
   3.5587244e-01   3.4849416e-01
   3.4865237e-01   3.3964125e-01
   3.6260197e-01   3.4687334e-01
   3.6496424e-01   3.3480297e-01
   3.6057235e-01   3.4273966e-01
   3.4994518e-01   3.4287148e-01
   3.5206509e-01   3.3214602e-01
   3.5702317e-01   3.3280245e-01
   3.5591915e-01   3.3438890e-01
   3.5066190e-01   3.3979290e-01
   3.5045058e-01   3.3485946e-01
   3.6580916e-01   3.3841723e-01
   3.5354179e-01   3.2820670e-01
   3.6497872e-01   3.2606036e-01
   3.5796787e-01   3.3069746e-01
   3.5880612e-01   3.2608845e-01
   3.5177473e-01   3.3180237e-01
   3.4540193e-01   3.3164450e-01
   3.6156925e-01   3.2806794e-01
   3.4478989e-01   3.2690210e-01
   3.6028669e-01   3.2382533e-01
   3.6492450e-01   3.2327231e-01
   3.5241584e-01   3.3068790e-01
   3.6222567e-01   3.3118922e-01
   3.6175604e-01   3.2686864e-01
   3.5216736e-01   3.2940805e-01
   3.4756561e-01   3.3375709e-01
   3.6303090e-01   3.2826828e-01
   3.5534368e-01   3.2273265e-01
   3.6043690e-01   3.3171048e-01
   3.6594885e-01   3.3070005e-01
   3.6496655e-01   3.2982279e-01
   3.4558155e-01   3.2485145e-01
   3.5379352e-01   3.3023853e-01
   3.6111764e-01   3.3256716e-01
   3.5309156e-01   3.2865152e-01
   3.4709953e-01   3.1993772e-01
   3.6275140e-01   3.2276886e-01
   3.5612134e-01   3.2293578e-01
   3.5545325e-01   3.3062530e-01
   3.4803257e-01   3.2908722e-01
   3.5005647e-01   3.2151550e-01
   3.5595668e-01   3.2143962e-01
   3.5945554e-01   3.2953992e-01
   3.5401012e-01   3.2160421e-01
   3.5481645e-01   3.2560682e-01
   3.5095148e-01   3.2800003e-01
   3.5136446e-01   3.2166857e-01
   3.6351763e-01   3.2444562e-01
   3.6488373e-01   3.2555964e-01
   3.5296274e-01   3.3111901e-01
   3.5812681e-01   3.3101826e-01
   3.5747842e-01   3.2167449e-01
   3.4634241e-01   3.2246718e-01
   3.6273381e-01   3.2672810e-01
   3.6495187e-01   3.2238184e-01
   3.6680891e-01   3.2490136e-01
   3.5708276e-01   3.2487271e-01
   3.4503356e-01   3.2386334e-01
   3.6074655e-01   3.2823176e-01
   3.6748979e-01   3.2563448e-01
   3.4571241e-01   3.1889865e-01
   3.5052378e-01   3.2113353e-01
   3.5266640e-01   3.3059209e-01
  -4.6040369e-02   3.2379388e-01
  -6.7056218e-02   3.2075532e-01
  -6.6579174e-02   3.1068434e-01
  -4.4802856e-02   2.9503515e-01
  -4.9184079e-02   2.8421915e-01
  -4.6406750e-02   2.5531567e-01
  -6.4008688e-02   2.4351327e-01
  -6.1227972e-02   2.2125464e-01
  -6.8100821e-02   2.0078225e-01
  -6.6112615e-02   1.7226265e-01
  -6.4842217e-02   1.6385569e-01
  -4.7450982e-02   1.4245921e-01
  -4.8832894e-02   1.2864812e-01
  -5.6179032e-02   1.1295433e-01
  -6.4092434e-02   9.6361288e-02
  -4.9781882e-02   8.9248689e-02
  -5.5591764e-02   7.3758540e-02
  -6.3133636e-02   6.7842314e-02
  -6.3128643e-02   5.4458319e-02
  -5.3587984e-02   5.3791132e-02
  -4.5431169e-02   4.8198833e-02
  -5.3315047e-02   3.4295556e-02
  -5.9696442e-02   3.4299076e-02
  -6.1980985e-02   2.7860219e-02
  -5.2134682e-02   2.1270366e-02
  -6.4042662e-02   1.8445481e-02
  -5.3594105e-02   1.7787735e-03
  -5.8825949e-02   7.5946278e-03
  -5.8345654e-02   4.6925735e-03
  -5.0167695e-02  -2.7355768e-03
  -5.9211632e-02  -1.2421006e-02
  -6.3119193e-02  -1.5263160e-02
  -5.9233013e-02  -1.1465141e-02
  -4.7028589e-02  -1.4314370e-02
  -4.4716671e-02  -2.3797050e-02
  -5.0269658e-02  -1.9696595e-02
  -5.1477899e-02  -1.8176946e-02
  -5.5604829e-02  -2.0516445e-02
  -5.2053231e-02  -2.3796141e-02
  -4.5106807e-02  -2.2156154e-02
  -4.8235735e-02  -2.0406751e-02
  -6.2120757e-02  -3.5007573e-02
  -5.5818661e-02  -2.5560518e-02
  -5.8093406e-02  -2.4435944e-02
  -5.3439245e-02  -2.7672448e-02
  -6.2158968e-02  -2.9946333e-02
  -5.7862164e-02  -3.2844064e-02
  -4.4906905e-02  -3.5684266e-02
  -4.6386362e-02  -4.0522057e-02
  -5.0813552e-02  -2.9859204e-02
  -6.2212960e-02  -3.8219617e-02
  -6.1934749e-02  -3.1419324e-02
  -6.1650021e-02  -3.9036647e-02
  -6.4079591e-02  -4.1849479e-02
  -4.7884393e-02  -3.6819853e-02
  -6.4140968e-02  -4.4442157e-02
  -4.5156050e-02  -3.4708486e-02
  -6.4473190e-02  -3.4377206e-02
  -5.8033002e-02  -4.2008745e-02
  -5.7693753e-02  -4.1583544e-02
  -5.7412067e-02  -4.3041382e-02
  -6.3686102e-02  -4.6384933e-02
  -5.6146178e-02  -4.2454316e-02
  -5.2974976e-02  -4.1094992e-02
  -6.2148425e-02  -3.5549409e-02
  -5.2994087e-02  -4.4663346e-02
  -6.6815676e-02  -4.6874136e-02
  -6.1693428e-02  -3.4154258e-02
  -4.7805138e-02  -4.6775877e-02
   4.6941310e-01  -3.6732462e-02
   4.6498754e-01  -4.0742095e-02
   4.6824411e-01  -2.8745948e-02
   4.7362718e-01  -5.1305207e-03
   4.7827998e-01   1.9991710e-02
   4.7106589e-01   3.9390953e-02
   4.7710164e-01   6.1696304e-02
   4.7524768e-01   9.2221803e-02
   4.6868734e-01   1.0847937e-01
   4.6276524e-01   1.3159068e-01
   4.5952993e-01   1.5261099e-01
   4.7057201e-01   1.7360046e-01
   4.6421802e-01   2.0167971e-01
   4.7094106e-01   2.0853492e-01
   4.6265773e-01   2.2578336e-01
   4.7149331e-01   2.4945203e-01
   4.7462519e-01   2.6019208e-01
   4.5989063e-01   2.7490295e-01
   4.7107953e-01   2.7715575e-01
   4.7021547e-01   2.9004692e-01
   4.8016511e-01   2.9428226e-01
   4.7733571e-01   3.1395173e-01
   4.6758354e-01   3.1340331e-01
   4.7248096e-01   3.2209357e-01
   4.5983410e-01   3.2850358e-01
   4.6377125e-01   3.4222805e-01
   4.6657585e-01   3.4911433e-01
   4.5994886e-01   3.4947848e-01
   4.6028397e-01   3.5681909e-01
   4.8006850e-01   3.6027869e-01
   4.6262120e-01   3.5957742e-01
   4.7113553e-01   3.7095775e-01
   4.7871643e-01   3.6504772e-01
   4.6946161e-01   3.6646275e-01
   4.6703839e-01   3.7501815e-01
   4.7152845e-01   3.7149240e-01
   4.7800828e-01   3.8459198e-01
   4.5917905e-01   3.7581976e-01
   4.7173202e-01   3.7706365e-01
   4.6117604e-01   3.8128410e-01
   4.7215505e-01   3.8429315e-01
   4.7778809e-01   3.8735746e-01
   4.6564830e-01   3.8543066e-01
   4.6701928e-01   3.8858371e-01
   4.7144159e-01   3.9772009e-01
   4.8217195e-01   3.8614650e-01
   4.7275151e-01   3.8804999e-01
   4.6317204e-01   3.9505422e-01
   4.6371127e-01   4.0160811e-01
   4.7844621e-01   3.9227083e-01
   4.8140507e-01   4.0274628e-01
   4.7968974e-01   3.9938998e-01
   4.7732091e-01   4.0437691e-01
   4.8189825e-01   3.9685415e-01
   4.7530154e-01   3.9245991e-01
   4.7562017e-01   3.9512185e-01
   4.8137953e-01   3.9953331e-01
   4.7119294e-01   4.0017002e-01
   4.6011806e-01   4.0505712e-01
   4.8030146e-01   4.0023893e-01
   4.5861262e-01   3.9652956e-01
   4.6316177e-01   3.9526594e-01
   4.6005689e-01   4.0118405e-01
   4.6735896e-01   4.0400256e-01
   4.6693988e-01   4.0596422e-01
   4.6215937e-01   3.9813463e-01
   4.6866378e-01   4.0814611e-01
   4.7383853e-01   4.0103327e-01
   4.6413949e-01   4.0238162e-01
  -9.1954757e-01   4.0732400e-01
  -9.2382429e-01   3.9788723e-01
  -9.0804733e-01   4.0111157e-01
  -9.2126602e-01   4.2179006e-01
  -9.2420423e-01   4.1879567e-01
  -9.0665159e-01   4.3092706e-01
  -9.2831263e-01   4.4477838e-01
  -9.1575360e-01   4.5035384e-01
  -9.0670902e-01   4.6238773e-01
  -9.2273947e-01   4.7008688e-01
  -9.2271618e-01   4.7356600e-01
  -9.2211784e-01   4.7843725e-01
  -9.2016948e-01   4.8876935e-01
  -9.1445431e-01   4.9739894e-01
  -9.1287183e-01   5.1112794e-01
  -9.0519310e-01   5.0324398e-01
  -9.0544509e-01   5.1006905e-01
  -9.2019868e-01   5.1877315e-01
  -9.1014093e-01   5.2390503e-01
  -9.1867356e-01   5.3122343e-01
  -9.1094258e-01   5.2897417e-01
  -9.2378977e-01   5.3989962e-01
  -9.2056616e-01   5.3676205e-01
  -9.1314064e-01   5.4240256e-01
  -9.1278693e-01   5.4668601e-01
  -9.0979622e-01   5.4228070e-01
  -9.0647985e-01   5.4392351e-01
  -9.2475326e-01   5.5559061e-01
  -9.2053102e-01   5.5351517e-01
  -9.0950188e-01   5.5683272e-01
  -9.1075644e-01   5.5875375e-01
  -9.2857957e-01   5.5798267e-01
  -9.1871578e-01   5.5320761e-01
  -9.0684669e-01   5.6276472e-01
  -9.1017101e-01   5.6509468e-01
  -9.1068945e-01   5.5563232e-01
  -9.1774318e-01   5.5354287e-01
  -9.0613063e-01   5.6506020e-01
  -9.2309204e-01   5.6100330e-01
  -9.2479176e-01   5.6018045e-01
  -9.2129916e-01   5.5953642e-01
  -9.0821430e-01   5.6806113e-01
  -9.2550786e-01   5.6763382e-01
  -9.1589195e-01   5.7075332e-01
  -9.2049679e-01   5.6128256e-01
  -9.1305185e-01   5.5951653e-01
  -9.1756089e-01   5.6813702e-01
  -9.1483987e-01   5.6568731e-01
  -9.1115600e-01   5.6584848e-01
  -9.1816112e-01   5.6147975e-01
  -9.1891708e-01   5.6271224e-01
  -9.0559883e-01   5.7016318e-01
  -9.0838834e-01   5.7215286e-01
  -9.0821780e-01   5.6508314e-01
  -9.2745509e-01   5.6797834e-01
  -9.1491853e-01   5.6899784e-01
  -9.2159755e-01   5.6966142e-01
  -9.2129196e-01   5.7528310e-01
  -9.1530589e-01   5.6428106e-01
  -9.2475891e-01   5.7052919e-01
  -9.2388378e-01   5.7176663e-01
  -9.1891368e-01   5.6716372e-01
  -9.1466203e-01   5.7236213e-01
  -9.0490968e-01   5.6708905e-01
  -9.2634339e-01   5.6314252e-01
  -9.1707336e-01   5.6760841e-01
  -9.2739160e-01   5.7109189e-01
  -9.0799713e-01   5.6464527e-01
  -9.1459171e-01   5.6568790e-01
  -4.4608454e-01   5.7453398e-01
  -4.3579723e-01   5.7027109e-01
  -4.3528968e-01   5.5327852e-01
  -4.4773767e-01   5.2720403e-01
  -4.4554993e-01   4.8252975e-01
  -4.3033580e-01   4.5356986e-01
  -4.3177306e-01   4.1016284e-01
  -4.5056569e-01   3.7198118e-01
  -4.3759924e-01   3.3358338e-01
  -4.4312840e-01   2.9676746e-01
  -4.3741008e-01   2.6453619e-01
  -4.3726765e-01   2.3219449e-01
  -4.4215970e-01   2.1233894e-01
  -4.3502614e-01   1.8363609e-01
  -4.3997141e-01   1.6060452e-01
  -4.4823406e-01   1.3268643e-01
  -4.4424411e-01   1.1510205e-01
  -4.5041877e-01   1.0258921e-01
  -4.5088591e-01   8.6051836e-02
  -4.3091678e-01   7.0417209e-02
  -4.2849763e-01   5.5814265e-02
  -4.5096293e-01   4.1249770e-02
  -4.4742743e-01   2.7639677e-02
  -4.4640492e-01   1.8690185e-02
  -4.3620523e-01   1.1067401e-02
  -4.4930791e-01   4.3804061e-03
  -4.3159617e-01  -1.7535607e-02
  -4.3079811e-01  -1.7065789e-02
  -4.4151247e-01  -2.9800176e-02
  -4.4510076e-01  -3.8507107e-02
  -4.5181643e-01  -3.8170682e-02
  -4.4166427e-01  -4.7947282e-02
  -4.4006859e-01  -5.1151590e-02
  -4.3253699e-01  -5.5302708e-02
  -4.4441393e-01  -5.6519959e-02
  -4.4358210e-01  -6.3569234e-02
  -4.3916461e-01  -5.8936713e-02
  -4.5060948e-01  -7.2131966e-02
  -4.4715422e-01  -7.0905660e-02
  -4.4067686e-01  -7.2689134e-02
  -4.4575801e-01  -8.2908372e-02
  -4.4594532e-01  -8.1740291e-02
  -4.3700609e-01  -8.6175078e-02
  -4.3559967e-01  -8.9522538e-02
  -4.4464566e-01  -9.0483343e-02
  -4.3618488e-01  -8.9679345e-02
  -4.2978936e-01  -8.5504637e-02
  -4.2840636e-01  -9.2980350e-02
  -4.2840575e-01  -8.6674802e-02
  -4.3429568e-01  -8.5762951e-02
  -4.5025781e-01  -9.7094097e-02
  -4.4555428e-01  -9.9363221e-02
  -4.4070525e-01  -9.6871088e-02
  -4.4481307e-01  -9.3184177e-02
  -4.3405631e-01  -9.5233140e-02
  -4.3021052e-01  -9.3046396e-02
  -4.3134558e-01  -9.1321553e-02
  -4.3415829e-01  -9.1706955e-02
  -4.3334888e-01  -1.0183322e-01
  -4.5041141e-01  -9.9432961e-02
  -4.3266031e-01  -1.0256001e-01
  -4.2991201e-01  -9.9597088e-02
  -4.5123558e-01  -9.7872591e-02
  -4.4695285e-01  -9.8536508e-02
  -4.3484142e-01  -1.0749673e-01
  -4.3926261e-01  -1.0805320e-01
  -4.3810358e-01  -1.0399031e-01
  -4.2905343e-01  -1.0702219e-01
  -4.3492902e-01  -1.0827584e-01
  -8.9314871e-01  -1.0274017e-01
  -8.9297676e-01  -1.0388727e-01
  -9.1045864e-01  -8.8270455e-02
  -9.0775127e-01  -5.6648156e-02
  -8.9290875e-01  -2.0303399e-02
  -9.0965443e-01   1.6092916e-02
  -9.1161721e-01   4.7760108e-02
  -8.9499551e-01   8.7479138e-02
  -9.0886251e-01   1.2668008e-01
  -9.0550617e-01   1.4690776e-01
  -9.0506914e-01   1.8165615e-01
  -8.9400379e-01   2.0792744e-01
  -9.1324788e-01   2.4117407e-01
  -9.0499602e-01   2.6625991e-01
  -8.9435346e-01   2.9049670e-01
  -9.0763850e-01   2.9952929e-01
  -9.0317351e-01   3.2481355e-01
  -9.0288540e-01   3.4119840e-01
  -9.0280673e-01   3.5425634e-01
  -9.0765784e-01   3.8007271e-01
  -9.0389882e-01   3.8146384e-01
  -9.1431594e-01   4.0648708e-01
  -9.1047431e-01   4.1773763e-01
  -9.0346849e-01   4.1753739e-01
  -9.0990994e-01   4.3190265e-01
  -9.1146708e-01   4.4578118e-01
  -8.9362353e-01   4.4186872e-01
  -9.0884423e-01   4.6076187e-01
  -8.9900275e-01   4.6487697e-01
  -8.9506267e-01   4.6744014e-01
  -9.0140319e-01   4.7605332e-01
  -9.1064445e-01   4.8258171e-01
  -8.9769401e-01   4.8924308e-01
  -9.0922216e-01   4.9267453e-01
  -9.1133175e-01   4.8798051e-01
  -8.9043433e-01   4.9409254e-01
  -8.9145717e-01   5.0511957e-01
  -9.0554622e-01   4.9788052e-01
  -9.0738394e-01   5.0949033e-01
  -8.9371816e-01   5.0426535e-01
  -8.9053340e-01   5.0502617e-01
  -9.0237528e-01   5.1404101e-01
  -8.9185077e-01   5.1603024e-01
  -9.0574959e-01   5.1518865e-01
  -9.1169647e-01   5.2441086e-01
  -9.0686820e-01   5.2299056e-01
  -8.9558782e-01   5.1997618e-01
  -8.9895835e-01   5.1848727e-01
  -9.0476245e-01   5.2900357e-01
  -8.9818392e-01   5.1788065e-01
  -8.9283596e-01   5.2343269e-01
  -9.0734771e-01   5.2211989e-01
  -9.0199176e-01   5.2935219e-01
  -9.0935721e-01   5.3188321e-01
  -9.1431685e-01   5.3548321e-01
  -8.9918458e-01   5.2803108e-01
  -9.1022171e-01   5.3390300e-01
  -8.9647621e-01   5.3270738e-01
  -9.0586807e-01   5.3506432e-01
  -8.9356644e-01   5.2497731e-01
  -8.9134791e-01   5.3657976e-01
  -9.0755342e-01   5.3637647e-01
  -8.9240179e-01   5.3250614e-01
  -9.0577027e-01   5.3757281e-01
  -8.9908002e-01   5.2938088e-01
  -9.0798244e-01   5.2850489e-01
  -9.0157829e-01   5.2917088e-01
  -8.9610995e-01   5.2768027e-01
  -9.1044658e-01   5.3235544e-01
  -4.5868747e-01   5.3874876e-01
  -4.5597349e-01   5.2974706e-01
  -4.6899246e-01   5.1816034e-01
  -4.7371375e-01   4.9716754e-01
  -4.7442807e-01   4.5666707e-01
  -4.6556786e-01   4.2304848e-01
  -4.6391059e-01   3.8375852e-01
  -4.6108196e-01   3.5827037e-01
  -4.7430159e-01   3.1372124e-01
  -4.7015961e-01   2.9267701e-01
  -4.7618411e-01   2.5755976e-01
  -4.6866062e-01   2.2832395e-01
  -4.7409316e-01   2.0536950e-01
  -4.6411875e-01   1.7940744e-01
  -4.6734829e-01   1.5324454e-01
  -4.6689472e-01   1.4020511e-01
  -4.7759072e-01   1.1839751e-01
  -4.7095119e-01   1.0098593e-01
  -4.6912491e-01   8.1628138e-02
  -4.6383543e-01   7.3726387e-02
  -4.7337392e-01   6.0416240e-02
  -4.7834074e-01   4.6993726e-02
  -4.7585670e-01   3.3359204e-02
  -4.6521970e-01   2.0076635e-02
  -4.5861873e-01   2.0379603e-02
  -4.6899855e-01   1.0077869e-02
  -4.7140834e-01  -1.4700424e-03
  -4.6185849e-01  -6.3206005e-03
  -4.7941549e-01  -1.4556005e-02
  -4.5997666e-01  -2.0809114e-02
  -4.6429653e-01  -3.4091157e-02
  -4.6815422e-01  -3.6300076e-02
  -4.7580639e-01  -3.1614783e-02
  -4.7378308e-01  -4.2674318e-02
  -4.6531375e-01  -4.8635338e-02
  -4.7697796e-01  -4.6225980e-02
  -4.6989206e-01  -5.8244789e-02
  -4.6106949e-01  -6.1736863e-02
  -4.7471845e-01  -5.5645518e-02
  -4.5701015e-01  -6.6550371e-02
  -4.7329628e-01  -6.4796415e-02
  -4.7390948e-01  -6.6384654e-02
  -4.5599900e-01  -6.7744924e-02
  -4.5865268e-01  -6.4616264e-02
  -4.5711225e-01  -6.9082020e-02
  -4.6762755e-01  -7.8747230e-02
  -4.7144402e-01  -8.0721231e-02
  -4.6960362e-01  -7.1161089e-02
  -4.6255306e-01  -7.4460840e-02
  -4.5707652e-01  -7.9412793e-02
  -4.7200742e-01  -7.4128059e-02
  -4.6291280e-01  -8.6632122e-02
  -4.7626591e-01  -7.6069938e-02
  -4.7763110e-01  -8.5264401e-02
  -4.7250806e-01  -8.2360577e-02
  -4.6537888e-01  -8.2247769e-02
  -4.6710417e-01  -7.6278269e-02
  -4.5865786e-01  -9.0495586e-02
  -4.7445932e-01  -8.7302815e-02
  -4.6857314e-01  -8.3272764e-02
  -4.7825006e-01  -8.8963452e-02
  -4.6598978e-01  -7.9856915e-02
  -4.6496371e-01  -9.0367290e-02
  -4.6453363e-01  -9.2458717e-02
  -4.6370190e-01  -8.5141627e-02
  -4.5959324e-01  -8.5885708e-02
  -4.7810857e-01  -8.8981077e-02
  -4.7895476e-01  -8.1655555e-02
  -4.5809557e-01  -8.9231359e-02
   8.8016403e-01  -8.1578182e-02
   8.6138509e-01  -8.7317067e-02
   8.6888858e-01  -8.5230602e-02
   8.7955942e-01  -7.1465563e-02
   8.7826187e-01  -4.9718144e-02
   8.6055861e-01  -2.8794438e-02
   8.7052543e-01  -1.8644129e-02
   8.6215406e-01  -6.3851844e-03
   8.6574761e-01   1.1747010e-02
   8.7609157e-01   3.0886967e-02
   8.8007447e-01   4.9385977e-02
   8.8142498e-01   5.9844466e-02
   8.6885886e-01   6.4811030e-02
   8.7848673e-01   7.4630214e-02
   8.7475622e-01   9.2417442e-02
   8.7925508e-01   1.0604082e-01
   8.6341343e-01   1.0749085e-01
   8.6887205e-01   1.1517787e-01
   8.6693113e-01   1.2004337e-01
   8.7027151e-01   1.3653799e-01
   8.7896289e-01   1.3461033e-01
   8.7563447e-01   1.4661232e-01
   8.7894252e-01   1.4327006e-01
   8.7891969e-01   1.5987968e-01
   8.6638007e-01   1.6540392e-01
   8.8092056e-01   1.6221513e-01
   8.7658856e-01   1.6659975e-01
   8.6245167e-01   1.7587717e-01
   8.7548292e-01   1.7073565e-01
   8.6767281e-01   1.7723228e-01
   8.7877035e-01   1.8531606e-01
   8.6100441e-01   1.7915712e-01
   8.6056111e-01   1.7698244e-01
   8.6663641e-01   1.7983954e-01
   8.7625309e-01   1.8079000e-01
   8.6719629e-01   1.8956320e-01
   8.7738730e-01   1.8535512e-01
   8.6766273e-01   1.8791982e-01
   8.6100710e-01   1.9339359e-01
   8.6491836e-01   1.8905064e-01
   8.7896806e-01   1.9166985e-01
   8.6594165e-01   1.9843000e-01
   8.6687998e-01   1.9388201e-01
   8.6771280e-01   2.0007405e-01
   8.7793281e-01   2.0297676e-01
   8.7356451e-01   1.9733058e-01
   8.5989294e-01   1.9526501e-01
   8.6312534e-01   1.9773557e-01
   8.7301077e-01   2.0243296e-01
   8.7789489e-01   2.0087879e-01
   8.6572877e-01   2.0732246e-01
   8.8253015e-01   2.0445420e-01
   8.8090123e-01   2.0089654e-01
   8.7367892e-01   2.0168497e-01
   8.6159843e-01   2.0427782e-01
   8.6348120e-01   1.9830054e-01
   8.6025784e-01   1.9834047e-01
   8.6979164e-01   2.1192481e-01
   8.8137586e-01   2.0317624e-01
   8.6563709e-01   2.0752460e-01
   8.6830163e-01   2.0636994e-01
   8.7382763e-01   2.0435142e-01
   8.8132550e-01   2.1153957e-01
   8.7280950e-01   2.1113153e-01
   8.7596766e-01   2.0588650e-01
   8.7380434e-01   2.0929191e-01
   8.6366727e-01   2.0676949e-01
   8.7753260e-01   2.1377108e-01
   8.6907906e-01   2.0604812e-01
   9.5672687e-01   2.0479408e-01
   9.5223492e-01   2.1132979e-01
   9.5546377e-01   2.0446656e-01
   9.4607788e-01   1.8902334e-01
   9.6374932e-01   1.8566972e-01
   9.6135945e-01   1.7435448e-01
   9.6124757e-01   1.5718573e-01
   9.5955164e-01   1.5156018e-01
   9.4666741e-01   1.3565251e-01
   9.6418316e-01   1.2834551e-01
   9.4502760e-01   1.1669055e-01
   9.6100607e-01   1.1195488e-01
   9.5486620e-01   1.0494735e-01
   9.5548596e-01   9.1873051e-02
   9.5826531e-01   8.6233093e-02
   9.6033425e-01   8.8587272e-02
   9.4831380e-01   7.5060551e-02
   9.4525985e-01   7.4722070e-02
   9.4822114e-01   7.0279611e-02
   9.5842530e-01   5.9521021e-02
   9.4249421e-01   6.3235274e-02
   9.6533612e-01   5.4210861e-02
   9.4719350e-01   5.1646025e-02
   9.5657986e-01   5.1631653e-02
   9.5374046e-01   4.7390723e-02
   9.6465667e-01   4.2934792e-02
   9.6455986e-01   4.7396593e-02
   9.5632083e-01   3.9550162e-02
   9.4894698e-01   3.3271983e-02
   9.5246095e-01   4.2452538e-02
   9.4516151e-01   2.9488692e-02
   9.6093102e-01   3.0683857e-02
   9.5616420e-01   2.6814385e-02
   9.4724804e-01   2.7808749e-02
   9.5506281e-01   2.4209696e-02
   9.6165849e-01   2.1715798e-02
   9.4225931e-01   2.7147932e-02
   9.4984616e-01   3.2841614e-02
   9.5221741e-01   2.0571895e-02
   9.6018350e-01   3.0613020e-02
   9.5904539e-01   2.9684299e-02
   9.5783960e-01   2.2810862e-02
   9.5861859e-01   1.9259570e-02
   9.6287845e-01   2.3859091e-02
   9.4959769e-01   2.2554098e-02
   9.5851795e-01   2.7218798e-02
   9.5972270e-01   1.4989112e-02
   9.6369536e-01   1.8003417e-02
   9.6094858e-01   1.9714009e-02
   9.6008794e-01   1.6090728e-02
   9.4489782e-01   2.5876421e-02
   9.6030179e-01   1.8853226e-02
   9.5572471e-01   1.4010442e-02
   9.4326974e-01   1.1616970e-02
   9.4207809e-01   1.1414093e-02
   9.4851484e-01   2.2630064e-02
   9.6198501e-01   2.0056914e-02
   9.5144837e-01   1.9100124e-02
   9.4335129e-01   1.4845859e-02
   9.6541913e-01   1.7768816e-02
   9.4561378e-01   1.9684527e-02
   9.6232870e-01   1.8970253e-02
   9.4513804e-01   1.0719300e-02
   9.6007641e-01   1.1482982e-02
   9.4854027e-01   1.8042465e-02
   9.5991483e-01   2.2779555e-02
   9.4983652e-01   2.3113262e-02
   9.5241030e-01   1.8957979e-02
   9.4167876e-01   1.1896647e-02
  -4.9409343e-01   1.1378075e-02
  -4.8960090e-01   1.9840420e-02
  -4.8652690e-01   1.2100592e-02
  -4.7275435e-01   1.1987740e-02
  -4.7730360e-01  -1.9107921e-03
  -4.9127792e-01  -7.1983865e-03
  -4.8453929e-01  -1.5196056e-03
  -4.7875141e-01  -1.5952909e-02
  -4.8169156e-01  -1.3557983e-02
  -4.8216346e-01  -1.5948172e-02
  -4.8689710e-01  -2.4613994e-02
  -4.8390079e-01  -3.7352472e-02
  -4.7834225e-01  -3.1372444e-02
  -4.9007674e-01  -4.1421848e-02
  -4.7462670e-01  -4.0589400e-02
  -4.7906461e-01  -5.1669037e-02
  -4.8614257e-01  -4.7837115e-02
  -4.7996510e-01  -4.8778447e-02
  -4.8301575e-01  -5.2281783e-02
  -4.7956151e-01  -5.9161417e-02
  -4.7663141e-01  -6.1203736e-02
  -4.8173415e-01  -5.8029451e-02
  -4.7555195e-01  -6.5426762e-02
  -4.8014081e-01  -5.7037169e-02
  -4.7818172e-01  -6.6504020e-02
  -4.7421988e-01  -6.8923756e-02
  -4.9159408e-01  -7.1077542e-02
  -4.9473758e-01  -6.5622174e-02
  -4.8471928e-01  -6.7674755e-02
  -4.7678357e-01  -7.4182321e-02
  -4.7132816e-01  -6.4438895e-02
  -4.7311252e-01  -7.2612370e-02
  -4.8534732e-01  -7.4016471e-02
  -4.7698788e-01  -7.8319988e-02
  -4.9090952e-01  -6.7896127e-02
  -4.8057298e-01  -7.5894133e-02
  -4.8039528e-01  -7.7597306e-02
  -4.8660478e-01  -6.9581061e-02
  -4.9174293e-01  -7.7550895e-02
  -4.8367046e-01  -7.8889255e-02
  -4.9193023e-01  -8.1287023e-02
  -4.7829923e-01  -7.8855622e-02
  -4.8853238e-01  -8.3673532e-02
  -4.7428231e-01  -7.8546044e-02
  -4.7967755e-01  -7.1367240e-02
  -4.7180848e-01  -8.0499397e-02
  -4.8376698e-01  -7.4658496e-02
  -4.7218656e-01  -8.4360363e-02
  -4.7438311e-01  -8.4873308e-02
  -4.8244893e-01  -8.1255340e-02
  -4.9283221e-01  -8.0030462e-02
  -4.8210354e-01  -7.5509603e-02
  -4.7831285e-01  -8.5456829e-02
  -4.8798846e-01  -8.4945955e-02
  -4.8807501e-01  -8.4684793e-02
  -4.7425607e-01  -8.3713634e-02
  -4.8554246e-01  -7.5184860e-02
  -4.9237887e-01  -7.3282307e-02
  -4.7555227e-01  -8.5427783e-02
  -4.9069226e-01  -7.9374638e-02
  -4.8546827e-01  -7.5149017e-02
  -4.7655154e-01  -7.3999519e-02
  -4.8506334e-01  -7.3196558e-02
  -4.7760431e-01  -7.3626138e-02
  -4.9241409e-01  -8.3747569e-02
  -4.9084978e-01  -7.6073040e-02
  -4.8852768e-01  -8.2347644e-02
  -4.8205354e-01  -7.9442905e-02
  -4.9198298e-01  -7.4518117e-02
  -4.2731514e-01  -8.4299476e-02
  -4.2567305e-01  -8.6888428e-02
  -4.1623842e-01  -7.8183952e-02
  -4.1315718e-01  -8.2817553e-02
  -4.1198386e-01  -8.1130689e-02
  -4.0686936e-01  -8.7400733e-02
  -4.2384940e-01  -8.6928490e-02
  -4.2355027e-01  -9.4614276e-02
  -4.0753360e-01  -9.6560367e-02
  -4.0557534e-01  -9.8739335e-02
  -4.1409023e-01  -9.6502115e-02
  -4.1859232e-01  -1.0304169e-01
  -4.0919815e-01  -9.4306877e-02
  -4.1568796e-01  -9.8860538e-02
  -4.0616914e-01  -1.0189583e-01
  -4.2577650e-01  -1.0116811e-01
  -4.0743970e-01  -1.0952164e-01
  -4.2624288e-01  -1.0436040e-01
  -4.0468180e-01  -9.9343157e-02
  -4.0954947e-01  -1.0764904e-01
  -4.2367839e-01  -1.0989899e-01
  -4.2557378e-01  -1.0096740e-01
  -4.2549903e-01  -1.0614423e-01
  -4.1020926e-01  -1.1333321e-01
  -4.0496192e-01  -1.1170613e-01
  -4.2704906e-01  -1.1248070e-01
  -4.2582077e-01  -1.1330751e-01
  -4.1235308e-01  -1.1494220e-01
  -4.1908425e-01  -1.0981507e-01
  -4.1475711e-01  -1.1513227e-01
  -4.2292469e-01  -1.1034374e-01
  -4.1762481e-01  -1.0488073e-01
  -4.2851344e-01  -1.1103958e-01
  -4.0497837e-01  -1.0684549e-01
  -4.1312051e-01  -1.1642954e-01
  -4.2481754e-01  -1.0653939e-01
  -4.2795166e-01  -1.1723380e-01
  -4.1867004e-01  -1.1082423e-01
  -4.1824017e-01  -1.1102208e-01
  -4.2645085e-01  -1.1770046e-01
  -4.1855268e-01  -1.0912961e-01
  -4.2001982e-01  -1.1440487e-01
  -4.1039937e-01  -1.1065916e-01
  -4.1563101e-01  -1.1873410e-01
  -4.2523068e-01  -1.0935633e-01
  -4.1720641e-01  -1.1621481e-01
  -4.1388820e-01  -1.1566634e-01
  -4.1845770e-01  -1.1412597e-01
  -4.2145794e-01  -1.1796070e-01
  -4.0568450e-01  -1.1369927e-01
  -4.2614720e-01  -1.1938947e-01
  -4.0680798e-01  -1.1730262e-01
  -4.2135102e-01  -1.2052369e-01
  -4.1482513e-01  -1.0913455e-01
  -4.1790489e-01  -1.1243927e-01
  -4.0735333e-01  -1.1589811e-01
  -4.2626180e-01  -1.0900382e-01
   6.6478198e-01  -1.0919129e-01
