   3.7532857e-03   6.7175438e-03
  -1.1611042e-02  -1.2776274e-03
   2.3555750e-03   6.4143404e-03
   3.1431308e-03   1.8346082e-03
  -5.2822137e-03  -7.6944530e-04
   8.9845610e-03  -6.2307281e-03
  -2.8746856e-03  -5.3600690e-03
  -1.1314955e-02   1.8083474e-03
  -4.8525405e-03  -6.2611455e-03
   2.6970629e-03   5.7793605e-03
  -4.4983699e-01   2.6008887e-03
  -4.6646308e-01  -3.0556619e-03
  -4.6597171e-01   2.4195706e-03
  -4.5421463e-01  -2.4333808e-03
  -4.4644732e-01  -6.3470105e-03
  -4.4533248e-01  -2.2346101e-02
  -4.5461157e-01  -2.8959708e-02
  -4.4894563e-01  -2.1869142e-02
  -4.5693403e-01  -2.8778908e-02
  -4.4438308e-01  -4.4754429e-02
  -4.4928305e-01  -4.7285949e-02
  -4.6718828e-01  -5.1212965e-02
  -4.4370010e-01  -4.9399931e-02
  -4.4929692e-01  -6.1943025e-02
  -4.4527599e-01  -6.3727739e-02
  -4.5704255e-01  -6.4975507e-02
  -4.4602430e-01  -5.8129006e-02
  -4.5371138e-01  -6.5231374e-02
  -4.6696819e-01  -7.2752757e-02
  -4.6282779e-01  -7.0242534e-02
  -4.5140081e-01  -7.8237977e-02
  -4.5090230e-01  -6.9048548e-02
  -4.6135570e-01  -7.1434836e-02
  -4.5833957e-01  -8.2564031e-02
  -4.6591232e-01  -7.4102046e-02
  -4.4535092e-01  -7.6433228e-02
  -4.4512133e-01  -8.0424803e-02
  -4.4773243e-01  -8.1385187e-02
  -4.5656931e-01  -8.3655929e-02
  -4.6326559e-01  -8.6301238e-02
  -4.6029563e-01  -8.7770688e-02
  -4.5500416e-01  -8.6703843e-02
  -4.5233826e-01  -8.3267604e-02
  -4.4817763e-01  -9.2114449e-02
  -4.6340244e-01  -9.0797044e-02
  -4.6486480e-01  -9.0274121e-02
  -4.6750750e-01  -9.0321201e-02
  -4.4998996e-01  -9.4725962e-02
  -4.6725270e-01  -9.6126956e-02
  -4.5075158e-01  -9.3725657e-02
  -4.6072301e-01  -9.5922526e-02
  -4.4465973e-01  -8.8970716e-02
  -4.6263417e-01  -9.2110542e-02
  -4.4481809e-01  -9.0101663e-02
  -4.6706347e-01  -9.4672794e-02
  -4.5742275e-01  -9.9969858e-02
  -4.5135741e-01  -9.3009985e-02
  -4.5935136e-01  -9.8641850e-02
  -4.5915632e-01  -9.8291300e-02
  -4.4538177e-01  -9.8201076e-02
  -4.6491294e-01  -9.4602640e-02
  -4.4492546e-01  -9.2142140e-02
  -4.6681437e-01  -9.8257863e-02
  -4.4537972e-01  -9.5873773e-02
  -4.6373809e-01  -9.1440196e-02
  -4.4709204e-01  -9.7661569e-02
  -4.6501259e-01  -8.9002779e-02
  -4.4467115e-01  -9.1879574e-02
  -4.5827079e-01  -9.2560585e-02
  -4.5956236e-01  -9.3009029e-02
  -4.6375218e-01  -9.9809878e-02
  -4.6543983e-01  -9.2334815e-02
  -4.5037265e-01  -9.7737524e-02
  -4.6131492e-01  -9.6201573e-02
  -4.5780582e-01  -9.5926702e-02
  -4.5641392e-01  -8.9785895e-02
  -4.5269281e-01  -9.2992052e-02
  -4.4624667e-01  -9.2715668e-02
  -4.5397777e-01  -9.5453236e-02
  -2.4915574e-01  -9.3590559e-02
  -2.6149584e-01  -9.4681198e-02
  -2.6086119e-01  -9.6310531e-02
  -2.5027965e-01  -1.0510786e-01
  -2.5503323e-01  -1.0260562e-01
  -2.6454694e-01  -1.0022673e-01
  -2.6898748e-01  -1.0898070e-01
  -2.5891227e-01  -1.0666187e-01
  -2.6801564e-01  -1.0940788e-01
  -2.5077219e-01  -1.0916226e-01
  -2.5516370e-01  -1.1612120e-01
  -2.4906487e-01  -1.1021836e-01
  -2.6631248e-01  -1.2065981e-01
  -2.6269623e-01  -1.1792894e-01
  -2.5807394e-01  -1.1779845e-01
  -2.5086085e-01  -1.1867618e-01
  -2.6477579e-01  -1.1537229e-01
  -2.5839549e-01  -1.2407861e-01
  -2.5446662e-01  -1.2748765e-01
  -2.6389927e-01  -1.2223589e-01
  -2.5002051e-01  -1.1820867e-01
  -2.5274820e-01  -1.2637467e-01
  -2.5232044e-01  -1.2587462e-01
  -2.4705646e-01  -1.2545551e-01
  -2.5901784e-01  -1.2970330e-01
  -2.5497379e-01  -1.2270513e-01
  -2.6285107e-01  -1.2407863e-01
  -2.5745521e-01  -1.2355963e-01
  -2.6835711e-01  -1.2281194e-01
  -2.6102424e-01  -1.2244611e-01
  -2.4918513e-01  -1.3384982e-01
  -2.6926030e-01  -1.2593283e-01
  -2.4798143e-01  -1.3336154e-01
  -2.4585123e-01  -1.2884744e-01
  -2.4937620e-01  -1.2274908e-01
  -2.6714563e-01  -1.2979231e-01
  -2.5387418e-01  -1.2513699e-01
  -2.5533600e-01  -1.3385213e-01
  -2.5507973e-01  -1.3441904e-01
  -2.5753577e-01  -1.2599919e-01
  -2.6135799e-01  -1.2410085e-01
  -2.4581830e-01  -1.3056814e-01
  -2.6006063e-01  -1.3457848e-01
  -2.5797061e-01  -1.2940115e-01
  -2.4736108e-01  -1.2673422e-01
  -2.6301197e-01  -1.3112215e-01
  -2.5291066e-01  -1.2527234e-01
  -2.4724576e-01  -1.2711605e-01
  -2.6787651e-01  -1.3374258e-01
  -2.5273710e-01  -1.2671937e-01
  -2.6016987e-01  -1.2820610e-01
  -2.5594247e-01  -1.3028354e-01
  -2.5427003e-01  -1.2640062e-01
  -2.4714135e-01  -1.3592219e-01
  -2.4732535e-01  -1.2489651e-01
  -2.5768583e-01  -1.3040004e-01
  -2.4864084e-01  -1.3591228e-01
  -2.5710580e-01  -1.2571368e-01
  -2.4678224e-01  -1.2769544e-01
  -2.4900504e-01  -1.2996343e-01
  -2.5612019e-01  -1.3198716e-01
  -2.6686016e-01  -1.2788949e-01
  -2.5140289e-01  -1.3532308e-01
  -2.5998484e-01  -1.2783138e-01
  -2.5578103e-01  -1.3077051e-01
  -2.6805722e-01  -1.3496329e-01
  -2.4844763e-01  -1.3139560e-01
  -2.4718931e-01  -1.2516458e-01
  -2.4827540e-01  -1.3635619e-01
   5.5885884e-01  -1.2889892e-01
   5.7339756e-01  -1.2723705e-01
   5.7316984e-01  -1.1369392e-01
   5.5311916e-01  -8.5156386e-02
   5.5872552e-01  -5.7411416e-02
   5.6906800e-01  -2.2494077e-02
   5.7158663e-01   1.6986686e-03
   5.5245010e-01   4.1575353e-02
   5.6987633e-01   6.8011712e-02
   5.7215388e-01   9.3985852e-02
   5.5925140e-01   1.2874439e-01
   5.7150526e-01   1.4392286e-01
   5.6806203e-01   1.6917986e-01
   5.7416413e-01   1.9262282e-01
   5.5271790e-01   2.1614162e-01
   5.7415744e-01   2.3782097e-01
   5.5358200e-01   2.4467971e-01
   5.6196773e-01   2.5879025e-01
   5.5635196e-01   2.7771113e-01
   5.5327930e-01   2.8675091e-01
   5.5172154e-01   3.0958817e-01
   5.7326914e-01   3.1565112e-01
   5.6710279e-01   3.2476643e-01
   5.5162221e-01   3.2908689e-01
   5.7124842e-01   3.4209620e-01
   5.5456866e-01   3.4739806e-01
   5.6012763e-01   3.5384249e-01
   5.5960560e-01   3.7214890e-01
   5.5203321e-01   3.7557579e-01
   5.6956214e-01   3.7706530e-01
   5.6605794e-01   3.8806803e-01
   5.5688093e-01   3.9278568e-01
   5.5182582e-01   3.9836534e-01
   5.6610510e-01   3.9166030e-01
   5.5493146e-01   3.9766949e-01
   5.5588616e-01   4.0740163e-01
   5.7080897e-01   4.0188862e-01
   5.5268305e-01   4.1421524e-01
   5.5343791e-01   4.0934661e-01
   5.6041872e-01   4.1362554e-01
   5.7136185e-01   4.1656197e-01
   5.6219319e-01   4.1314629e-01
   5.7283685e-01   4.2489324e-01
   5.5588348e-01   4.1350351e-01
   5.7131484e-01   4.2366474e-01
   5.6867684e-01   4.2168850e-01
   5.6322690e-01   4.2717924e-01
   5.6079785e-01   4.3188788e-01
   5.6472979e-01   4.2409566e-01
   5.6746732e-01   4.2526136e-01
   5.5215779e-01   4.2741403e-01
   5.5437237e-01   4.3483449e-01
   5.7009910e-01   4.3641781e-01
   5.6382057e-01   4.2661982e-01
   5.6350179e-01   4.2894879e-01
   5.7167164e-01   4.3325369e-01
   5.6387485e-01   4.3673567e-01
   5.5359202e-01   4.3160417e-01
   5.7457674e-01   4.3515856e-01
   5.5532377e-01   4.2976912e-01
   5.6181175e-01   4.3286242e-01
   5.6717042e-01   4.2905871e-01
   5.5551470e-01   4.2817271e-01
   5.6747910e-01   4.2973275e-01
   5.5806241e-01   4.3124475e-01
   5.6454285e-01   4.2888034e-01
   5.7018172e-01   4.2932263e-01
   5.6466047e-01   4.3697493e-01
   5.5919485e-01   4.3547915e-01
  -8.7461636e-01   4.3703816e-01
  -8.7781368e-01   4.3939337e-01
  -8.7312511e-01   4.3471023e-01
  -8.8192985e-01   4.4349465e-01
  -8.7776529e-01   4.3620058e-01
  -8.6334831e-01   4.3946473e-01
  -8.8142362e-01   4.4075496e-01
  -8.8440159e-01   4.4510300e-01
  -8.7177698e-01   4.4398952e-01
  -8.6350247e-01   4.5335190e-01
  -8.6689592e-01   4.6107308e-01
  -8.7414042e-01   4.6103314e-01
  -8.7682259e-01   4.5627562e-01
  -8.6673720e-01   4.6150026e-01
  -8.6370996e-01   4.6530483e-01
  -8.6424232e-01   4.5865976e-01
  -8.6839166e-01   4.6631003e-01
  -8.7639085e-01   4.5820907e-01
  -8.8184738e-01   4.6463088e-01
  -8.8390048e-01   4.7256498e-01
  -8.7822267e-01   4.6276433e-01
  -8.8599835e-01   4.6161597e-01
  -8.7739043e-01   4.6947408e-01
  -8.7857868e-01   4.7311720e-01
  -8.8560538e-01   4.7377442e-01
  -8.6886131e-01   4.6742379e-01
  -8.7416852e-01   4.7500458e-01
  -8.6852635e-01   4.7821289e-01
  -8.8570035e-01   4.7859496e-01
  -8.6924466e-01   4.7227401e-01
  -8.7720188e-01   4.7030075e-01
  -8.6815937e-01   4.6785560e-01
  -8.7183330e-01   4.7976532e-01
  -8.7619919e-01   4.8013738e-01
  -8.6611137e-01   4.7111804e-01
  -8.7297380e-01   4.6959698e-01
  -8.7198628e-01   4.7560592e-01
  -8.8380161e-01   4.6851046e-01
  -8.6977987e-01   4.7262004e-01
  -8.7737648e-01   4.7128639e-01
  -8.7139639e-01   4.7308463e-01
  -8.7175311e-01   4.7602765e-01
  -8.7784422e-01   4.7661965e-01
  -8.7550705e-01   4.7532785e-01
  -8.7413196e-01   4.7014917e-01
  -8.7312817e-01   4.7242711e-01
  -8.8434784e-01   4.7870287e-01
  -8.8045420e-01   4.7705305e-01
  -8.8108506e-01   4.8217087e-01
  -8.7291450e-01   4.6965671e-01
  -8.8553448e-01   4.8125054e-01
  -8.7889970e-01   4.7092605e-01
  -8.6416679e-01   4.7071498e-01
  -8.7970708e-01   4.7430161e-01
  -8.8398710e-01   4.7990460e-01
  -8.8295834e-01   4.8294607e-01
  -8.7268797e-01   4.7339669e-01
  -8.7778797e-01   4.7026132e-01
  -8.7850952e-01   4.7867307e-01
  -8.7492136e-01   4.7863574e-01
  -8.8073863e-01   4.7499386e-01
  -8.7149216e-01   4.7745126e-01
  -8.6969254e-01   4.7887293e-01
  -8.7680218e-01   4.7988300e-01
  -8.6462153e-01   4.8286079e-01
  -8.7318046e-01   4.7041768e-01
  -8.7542423e-01   4.7054368e-01
  -8.7205442e-01   4.8180544e-01
  -8.7128673e-01   4.7372425e-01
  -6.7918430e-01   4.7162632e-01
  -6.8324345e-01   4.8017516e-01
  -6.8618611e-01   4.7230529e-01
  -6.8781839e-01   4.5308829e-01
  -6.9092150e-01   4.3373634e-01
  -6.9867899e-01   4.1231766e-01
  -6.9904260e-01   3.9386014e-01
  -6.7945368e-01   3.7812602e-01
  -6.9908114e-01   3.5264811e-01
  -7.0043311e-01   3.3839447e-01
  -6.9955208e-01   3.2070527e-01
  -6.8376590e-01   3.1623902e-01
  -7.0250419e-01   2.9146188e-01
  -6.8471186e-01   2.8507884e-01
  -6.9579626e-01   2.6586102e-01
  -6.9038771e-01   2.6595564e-01
  -6.9295230e-01   2.4490268e-01
  -6.9822911e-01   2.3772173e-01
  -6.9079575e-01   2.3068536e-01
  -6.8356359e-01   2.2596206e-01
  -7.0243343e-01   2.1857032e-01
  -6.8114471e-01   2.0517197e-01
  -6.9773782e-01   2.1098603e-01
  -6.9398086e-01   2.0145525e-01
  -6.9300359e-01   1.9669547e-01
  -6.9981061e-01   1.8730293e-01
  -6.8931485e-01   1.8063428e-01
  -6.8596286e-01   1.7859137e-01
  -6.9803297e-01   1.7628675e-01
  -6.8523409e-01   1.8060642e-01
  -6.8015227e-01   1.7476085e-01
  -7.0060984e-01   1.7323949e-01
  -6.8617812e-01   1.6091876e-01
  -7.0064405e-01   1.6017765e-01
  -6.7983418e-01   1.6569739e-01
  -6.7899807e-01   1.5581823e-01
  -6.8992458e-01   1.5254076e-01
  -6.8101330e-01   1.6213400e-01
  -6.9904897e-01   1.5678444e-01
  -6.8952627e-01   1.5838081e-01
  -6.9932087e-01   1.5934416e-01
  -6.9383368e-01   1.5383663e-01
  -6.9395949e-01   1.4584923e-01
  -6.8338096e-01   1.5535184e-01
  -6.9722115e-01   1.4610056e-01
  -6.8857503e-01   1.5242758e-01
  -6.8682809e-01   1.4125618e-01
  -6.8973711e-01   1.4789627e-01
  -6.9258630e-01   1.4159068e-01
  -6.8890475e-01   1.3936773e-01
  -6.9350974e-01   1.4639998e-01
  -6.8748815e-01   1.4531323e-01
  -6.9261701e-01   1.4272425e-01
  -6.9126981e-01   1.5018426e-01
  -6.8995553e-01   1.4794225e-01
  -6.9153024e-01   1.4964479e-01
  -6.8580873e-01   1.4430655e-01
  -6.9389237e-01   1.3825325e-01
  -6.9465773e-01   1.4815290e-01
  -6.8782672e-01   1.4216503e-01
  -7.0230431e-01   1.3803400e-01
  -6.9490625e-01   1.4818151e-01
  -6.9148226e-01   1.3915855e-01
  -6.8007427e-01   1.3642113e-01
  -6.9091788e-01   1.4736366e-01
  -6.8003667e-01   1.3993318e-01
  -6.8115082e-01   1.4594193e-01
  -6.9144025e-01   1.3779893e-01
  -6.8120292e-01   1.4558177e-01
  -7.7777876e-01   1.3756809e-01
  -7.6622958e-01   1.3377111e-01
  -7.7038356e-01   1.3888398e-01
  -7.7539449e-01   1.4975371e-01
  -7.5968016e-01   1.5549314e-01
  -7.7499402e-01   1.6734146e-01
  -7.5955467e-01   1.6478162e-01
  -7.7362543e-01   1.8224384e-01
  -7.5698905e-01   1.7857604e-01
  -7.6406950e-01   1.8356666e-01
  -7.7742526e-01   1.9878878e-01
  -7.6567652e-01   1.9520330e-01
  -7.7488410e-01   2.0526442e-01
  -7.5948517e-01   2.1096756e-01
  -7.6879849e-01   2.0891829e-01
  -7.7243886e-01   2.1719467e-01
  -7.6169683e-01   2.1842723e-01
  -7.6221868e-01   2.2880768e-01
  -7.5916135e-01   2.3123792e-01
  -7.6296426e-01   2.2371453e-01
  -7.6818492e-01   2.3315731e-01
  -7.6528804e-01   2.2913025e-01
  -7.6400452e-01   2.3938773e-01
  -7.7192662e-01   2.3748054e-01
  -7.6700613e-01   2.3433628e-01
  -7.6491883e-01   2.3721160e-01
  -7.7131284e-01   2.5016169e-01
  -7.6643980e-01   2.4521566e-01
  -7.7331921e-01   2.5063960e-01
  -7.5837927e-01   2.4368626e-01
  -7.5639570e-01   2.5168133e-01
  -7.5787157e-01   2.5182578e-01
  -7.5716068e-01   2.4962974e-01
  -7.6600011e-01   2.4668109e-01
  -7.7366503e-01   2.4864420e-01
  -7.7225529e-01   2.4953601e-01
  -7.6118424e-01   2.5127741e-01
  -7.6630235e-01   2.5572685e-01
  -7.5931912e-01   2.5309605e-01
  -7.6508141e-01   2.5138996e-01
  -7.6961895e-01   2.5077831e-01
  -7.6508487e-01   2.5418202e-01
  -7.7278948e-01   2.6141737e-01
  -7.6099736e-01   2.5402592e-01
  -7.5978450e-01   2.5254476e-01
  -7.7124944e-01   2.5122472e-01
  -7.7607734e-01   2.5915998e-01
  -7.5811123e-01   2.5235055e-01
  -7.6150565e-01   2.6200742e-01
  -7.5887868e-01   2.5786794e-01
  -7.6942209e-01   2.5723537e-01
  -7.6428431e-01   2.6373237e-01
  -7.6445792e-01   2.6006460e-01
  -7.7203011e-01   2.6083763e-01
  -7.6082493e-01   2.5694617e-01
  -7.7537222e-01   2.5422529e-01
  -7.5817887e-01   2.5731790e-01
  -7.6836267e-01   2.5450602e-01
  -7.6385705e-01   2.5871300e-01
  -7.6297052e-01   2.5600689e-01
  -7.6368606e-01   2.5703622e-01
  -7.6350493e-01   2.6693640e-01
  -7.6575793e-01   2.5895828e-01
  -7.5545846e-01   2.6662582e-01
  -7.7367934e-01   2.6099760e-01
  -7.5849344e-01   2.6183585e-01
  -7.6861197e-01   2.5399254e-01
  -7.5890011e-01   2.6610839e-01
  -7.6468555e-01   2.5950047e-01
  -3.7391341e-01   2.6684310e-01
  -3.7245276e-01   2.6118696e-01
  -3.7054683e-01   2.5577402e-01
  -3.7996382e-01   2.3490300e-01
  -3.8225229e-01   2.0983008e-01
  -3.7629590e-01   1.8563536e-01
  -3.8048652e-01   1.6194897e-01
  -3.8629387e-01   1.4286006e-01
  -3.8683633e-01   1.2029386e-01
  -3.9057863e-01   1.1144901e-01
  -3.8596777e-01   8.2962255e-02
  -3.8150996e-01   7.5502583e-02
  -3.9134966e-01   5.7465213e-02
  -3.7819204e-01   3.5915904e-02
  -3.8872110e-01   2.4961224e-02
  -3.8301220e-01   2.0035338e-02
  -3.7227197e-01  -4.3346098e-03
  -3.7948154e-01  -1.0225732e-02
  -3.8279528e-01  -1.4248547e-02
  -3.7166551e-01  -2.3720877e-02
  -3.9306864e-01  -3.6188828e-02
  -3.7642094e-01  -4.1549390e-02
  -3.8632874e-01  -4.7903707e-02
  -3.9047977e-01  -5.4519929e-02
  -3.7040775e-01  -6.2594396e-02
  -3.8691435e-01  -6.1107611e-02
  -3.8929703e-01  -7.8729055e-02
  -3.8999084e-01  -8.3536042e-02
  -3.7108004e-01  -8.6791681e-02
  -3.9132354e-01  -9.0428841e-02
  -3.8799325e-01  -9.1117811e-02
  -3.7308175e-01  -9.7583713e-02
  -3.8627266e-01  -8.9174597e-02
  -3.9105313e-01  -9.1643169e-02
  -3.8531395e-01  -9.7430510e-02
  -3.9255723e-01  -1.0068105e-01
  -3.8964158e-01  -1.0225602e-01
  -3.8475313e-01  -1.0210447e-01
  -3.8097809e-01  -1.1090983e-01
  -3.8619231e-01  -1.0586104e-01
  -3.9051811e-01  -1.0802784e-01
  -3.8503113e-01  -1.1618717e-01
  -3.8891848e-01  -1.1773654e-01
  -3.7892814e-01  -1.1606860e-01
  -3.7892883e-01  -1.1667846e-01
  -3.8550507e-01  -1.2129552e-01
  -3.8058238e-01  -1.1548157e-01
  -3.8535131e-01  -1.1882841e-01
  -3.8845131e-01  -1.1143152e-01
  -3.9342811e-01  -1.1972321e-01
  -3.7487004e-01  -1.1942827e-01
  -3.7110998e-01  -1.1734590e-01
  -3.7703407e-01  -1.1475734e-01
  -3.7189665e-01  -1.2273762e-01
  -3.8984546e-01  -1.1974854e-01
  -3.7136034e-01  -1.1555795e-01
  -3.8335206e-01  -1.2763307e-01
  -3.7396368e-01  -1.1711032e-01
  -3.8236451e-01  -1.2558622e-01
  -3.7935977e-01  -1.1709986e-01
  -3.8519744e-01  -1.2061343e-01
  -3.9357710e-01  -1.2299425e-01
  -3.8063228e-01  -1.3057873e-01
  -3.8875823e-01  -1.2357465e-01
  -3.7199146e-01  -1.3035914e-01
  -3.8043559e-01  -1.3004546e-01
  -3.7980466e-01  -1.2853787e-01
  -3.7028015e-01  -1.2452346e-01
  -3.7652213e-01  -1.2236576e-01
  -4.4709141e-02  -1.3192899e-01
  -4.8079639e-02  -1.2406350e-01
  -3.8704910e-02  -1.2845326e-01
  -5.8038609e-02  -1.1367401e-01
  -5.8403088e-02  -1.0796846e-01
  -4.1093585e-02  -1.1582418e-01
  -4.2123742e-02  -1.0676822e-01
  -4.5911325e-02  -9.3125315e-02
  -5.9020246e-02  -8.8731755e-02
  -4.6333344e-02  -8.3069901e-02
  -4.2474831e-02  -8.9353530e-02
  -4.9382987e-02  -8.1318112e-02
  -4.6613026e-02  -8.2111976e-02
  -4.2972749e-02  -8.0429774e-02
  -5.7488560e-02  -7.1458949e-02
  -5.7874267e-02  -6.6070164e-02
  -4.2615052e-02  -6.1992111e-02
  -5.4625413e-02  -6.3922856e-02
  -4.8854098e-02  -6.6228084e-02
  -4.9772370e-02  -5.9730194e-02
  -4.4351671e-02  -5.4014521e-02
  -4.0482130e-02  -5.7091622e-02
  -5.5165688e-02  -5.8921306e-02
  -4.6992642e-02  -5.0304628e-02
  -5.9701422e-02  -4.8939358e-02
  -3.8776081e-02  -4.6649887e-02
  -4.3006681e-02  -4.5486132e-02
  -4.7257039e-02  -5.0421736e-02
  -5.3510656e-02  -5.1066114e-02
  -4.6380952e-02  -5.0743231e-02
  -5.3836538e-02  -3.8952569e-02
  -5.3212021e-02  -4.1037373e-02
  -4.8435067e-02  -4.6950325e-02
  -5.6875714e-02  -4.9293136e-02
  -4.6189488e-02  -4.2691144e-02
  -3.8948899e-02  -4.0780051e-02
  -4.8808754e-02  -3.8460904e-02
  -5.6195778e-02  -3.9646763e-02
  -5.1347753e-02  -3.4574311e-02
  -4.3817738e-02  -4.0056782e-02
  -4.2851184e-02  -4.5982568e-02
  -5.7264382e-02  -4.3221585e-02
  -4.4930988e-02  -4.0496351e-02
  -4.4605821e-02  -3.8724710e-02
  -4.3727285e-02  -3.3000103e-02
  -5.9127206e-02  -3.2633995e-02
  -5.1578121e-02  -3.6665779e-02
  -5.6680024e-02  -4.4453749e-02
  -4.8391766e-02  -3.3684287e-02
  -5.4813373e-02  -4.0475862e-02
  -3.6520892e-02  -4.4746489e-02
  -4.7159198e-02  -3.2618276e-02
  -4.0813743e-02  -3.5159187e-02
  -3.7250143e-02  -3.4343739e-02
  -5.8346318e-02  -3.8105014e-02
  -4.2108737e-02  -3.4057680e-02
  -4.1717624e-02  -3.5979174e-02
  -5.9612509e-02  -3.3828906e-02
  -5.2188709e-02  -3.8853277e-02
  -5.4190688e-02  -4.1503015e-02
  -3.9481183e-02  -3.9065149e-02
  -4.1503280e-02  -3.5858901e-02
  -4.1496906e-02  -3.2258481e-02
  -4.5436788e-02  -3.9652428e-02
  -5.4956549e-02  -3.0552394e-02
  -4.4039801e-02  -2.9712546e-02
  -4.9520787e-02  -3.9237455e-02
  -5.8310917e-02  -3.2783122e-02
  -5.2208935e-02  -4.0315379e-02
  -1.1500245e-01  -3.1363491e-02
  -9.8808989e-02  -3.4967156e-02
  -1.0363564e-01  -3.3631177e-02
  -1.1044566e-01  -3.2870930e-02
  -1.0157280e-01  -3.9703315e-02
  -1.0445631e-01  -3.7973423e-02
  -1.1378359e-01  -3.9640531e-02
  -1.0291218e-01  -4.9405831e-02
  -1.0064742e-01  -4.3846258e-02
  -1.0855495e-01  -5.6835448e-02
  -1.1378672e-01  -4.9787964e-02
  -1.2052772e-01  -6.1424500e-02
  -1.0193133e-01  -5.6877752e-02
  -1.2115621e-01  -5.5638455e-02
  -1.0358835e-01  -6.1039349e-02
  -1.2209584e-01  -6.1003046e-02
  -1.0791641e-01  -5.6381713e-02
  -1.0136446e-01  -6.6424178e-02
  -1.0529697e-01  -6.3440857e-02
  -1.1350975e-01  -6.6514775e-02
  -1.0667112e-01  -7.3994093e-02
  -1.1379509e-01  -6.5437842e-02
  -1.2062425e-01  -7.3862045e-02
  -1.0352657e-01  -7.1109020e-02
  -9.9024021e-02  -7.0531736e-02
  -1.1376556e-01  -6.7591337e-02
  -1.1511389e-01  -7.4973821e-02
  -1.0371664e-01  -6.9799289e-02
  -1.0771510e-01  -7.4736914e-02
  -1.1577684e-01  -7.4707112e-02
  -1.1627563e-01  -7.2354242e-02
  -9.9290770e-02  -7.6271697e-02
  -1.1993026e-01  -7.1629552e-02
  -1.2177871e-01  -7.2783087e-02
  -1.1582153e-01  -6.8401182e-02
  -9.8399640e-02  -7.9098968e-02
  -1.0841362e-01  -7.9142149e-02
  -1.2084939e-01  -6.8836839e-02
  -1.1011119e-01  -6.9166699e-02
  -1.1561076e-01  -6.8313766e-02
  -1.0661300e-01  -7.2614312e-02
  -1.0412813e-01  -7.7251742e-02
  -1.0801773e-01  -7.7025677e-02
  -1.2000107e-01  -8.2228364e-02
  -1.1204203e-01  -8.0107565e-02
  -1.2206065e-01  -7.0825699e-02
  -1.0006186e-01  -7.7078097e-02
  -1.2204725e-01  -7.5018998e-02
  -9.9232055e-02  -7.7952194e-02
  -1.1133901e-01  -7.5818771e-02
  -1.2121384e-01  -8.1842009e-02
  -1.1084966e-01  -8.0602518e-02
  -1.1390534e-01  -7.6775910e-02
  -1.1950068e-01  -7.9579110e-02
  -1.0489674e-01  -7.0991096e-02
  -1.1679327e-01  -7.7580880e-02
  -1.0745701e-01  -7.0033684e-02
  -1.0663919e-01  -8.0538569e-02
  -1.2045187e-01  -8.0579515e-02
  -9.9029751e-02  -7.4962098e-02
  -1.0868109e-01  -7.4997143e-02
  -1.1363458e-01  -7.4752721e-02
  -1.1308192e-01  -8.2895702e-02
  -1.0590429e-01  -7.5540412e-02
  -1.0527774e-01  -7.5181347e-02
  -1.2143676e-01  -7.7047716e-02
  -1.0987882e-01  -7.3454250e-02
  -1.1810717e-01  -7.2227733e-02
  -1.1072983e-01  -7.7267666e-02
   1.1868977e-01  -7.0622179e-02
   1.1830568e-01  -8.1535991e-02
   1.2422234e-01  -7.7761666e-02
   1.1304396e-01  -6.9787344e-02
   1.0912890e-01  -5.5345155e-02
   1.1907151e-01  -4.5550402e-02
   1.2215497e-01  -3.6482965e-02
   1.0795128e-01  -1.8571104e-02
   1.2109077e-01  -1.8210465e-02
   1.1710510e-01  -7.0503104e-03
   1.2109257e-01   9.6336117e-03
   1.0475641e-01   9.4093309e-03
   1.1893922e-01   2.3260098e-02
   1.1977277e-01   2.8854614e-02
   1.0827793e-01   3.4968122e-02
   1.0969175e-01   3.0168710e-02
   1.0411197e-01   4.0048441e-02
   1.1427816e-01   4.5761478e-02
   1.1902881e-01   5.5129700e-02
   1.0659437e-01   5.8018091e-02
   1.1641644e-01   5.4054249e-02
   1.2299737e-01   6.8445108e-02
   1.0548542e-01   6.4260668e-02
   1.1829284e-01   6.5043500e-02
   1.2626829e-01   7.6516924e-02
   1.2283309e-01   7.3870012e-02
   1.1941347e-01   7.1847901e-02
   1.1915269e-01   7.3464561e-02
   1.0814483e-01   7.4304325e-02
   1.2337158e-01   8.7756730e-02
   1.2402406e-01   7.8498385e-02
   1.1545016e-01   8.1011163e-02
   1.2327073e-01   9.2645113e-02
   1.0571973e-01   8.9641343e-02
   1.1399769e-01   9.0815751e-02
   1.0730537e-01   9.4625570e-02
   1.0814340e-01   8.4065072e-02
   1.0440550e-01   9.4691908e-02
   1.0378127e-01   9.0287680e-02
   1.1264358e-01   8.7190674e-02
   1.0832065e-01   9.3150007e-02
   1.0986666e-01   8.7432116e-02
   1.1812066e-01   1.0068274e-01
   1.2301120e-01   9.7083208e-02
   1.2035622e-01   9.4328617e-02
   1.0836338e-01   9.4543230e-02
   1.1819249e-01   9.7427441e-02
   1.1422739e-01   1.0240915e-01
   1.1073297e-01   9.1748251e-02
   1.1716486e-01   1.0309167e-01
   1.0637004e-01   9.6848607e-02
   1.2170958e-01   9.3574463e-02
   1.0683696e-01   1.0322174e-01
   1.1748407e-01   1.0007163e-01
   1.1694472e-01   9.1966148e-02
   1.2070948e-01   9.7762247e-02
   1.0698988e-01   9.7730506e-02
   1.0584171e-01   9.8164098e-02
   1.2615294e-01   1.0122250e-01
   1.1266328e-01   1.0446035e-01
   1.0748542e-01   9.9779890e-02
   1.2630783e-01   1.0608640e-01
   1.2574613e-01   1.0293687e-01
   1.1013288e-01   9.6501709e-02
   1.0537440e-01   1.0326922e-01
   1.1724546e-01   9.8404444e-02
   1.1768474e-01   1.0354396e-01
   1.1594068e-01   9.9969702e-02
   1.1453000e-01   9.3530851e-02
   5.2793927e-01   1.0237119e-01
   5.4398187e-01   1.0342984e-01
   5.3241312e-01   1.0813853e-01
   5.3368068e-01   1.1816529e-01
   5.4969252e-01   1.3709363e-01
   5.2862136e-01   1.6572294e-01
   5.2783026e-01   1.7339976e-01
   5.3220001e-01   1.9187870e-01
   5.3704670e-01   2.2208309e-01
   5.4680415e-01   2.3227607e-01
   5.3585707e-01   2.5433335e-01
   5.3887651e-01   2.6927066e-01
   5.3792686e-01   2.7658515e-01
   5.2971646e-01   2.8855225e-01
   5.3751007e-01   3.0161376e-01
   5.2954234e-01   3.0971068e-01
   5.4823289e-01   3.1706353e-01
   5.3002152e-01   3.3203825e-01
   5.4309113e-01   3.4597597e-01
   5.4132473e-01   3.5000801e-01
   5.3432509e-01   3.5440452e-01
   5.3579902e-01   3.6048111e-01
   5.4433918e-01   3.6534909e-01
   5.3561037e-01   3.7538948e-01
   5.3028875e-01   3.7376520e-01
   5.3716262e-01   3.8804196e-01
   5.3896786e-01   3.8699417e-01
   5.4838186e-01   3.9332624e-01
   5.4266256e-01   3.9788410e-01
   5.3468855e-01   4.0092691e-01
   5.4714741e-01   3.9897574e-01
   5.2937346e-01   4.0722087e-01
   5.3068406e-01   4.0005297e-01
   5.3440550e-01   4.0647867e-01
   5.3171652e-01   4.1180713e-01
   5.2924046e-01   4.0481741e-01
   5.3099388e-01   4.0842712e-01
   5.3827826e-01   4.1924640e-01
   5.4303835e-01   4.2145206e-01
   5.3737282e-01   4.2300778e-01
   5.3160142e-01   4.1715767e-01
   5.3584018e-01   4.2286979e-01
   5.3815490e-01   4.1523848e-01
   5.4251050e-01   4.2009260e-01
   5.4691723e-01   4.2035961e-01
   5.4058523e-01   4.1982044e-01
   5.4600068e-01   4.2144772e-01
   5.4653774e-01   4.1879239e-01
   5.4320494e-01   4.3123402e-01
   5.4736732e-01   4.2126904e-01
   5.3919355e-01   4.3196460e-01
   5.4813133e-01   4.2484237e-01
   5.4448077e-01   4.3450841e-01
   5.2814233e-01   4.2619773e-01
   5.4710139e-01   4.2322364e-01
   5.4967655e-01   4.3506312e-01
   5.4383979e-01   4.2714047e-01
   5.4117258e-01   4.3175496e-01
   5.3716022e-01   4.2810278e-01
   5.4554812e-01   4.3480090e-01
   5.4928980e-01   4.3216657e-01
   5.3974598e-01   4.2836510e-01
   5.3058570e-01   4.3355466e-01
   5.3879365e-01   4.3266131e-01
   5.4827066e-01   4.3654660e-01
   5.2856555e-01   4.3275346e-01
   5.4922790e-01   4.3391485e-01
   5.4799971e-01   4.3761174e-01
   5.4196139e-01   4.3752964e-01
   5.3325978e-01   4.3187948e-01
   5.3056970e-01   4.3144220e-01
   5.3140904e-01   4.2575932e-01
   5.4194039e-01   4.2766225e-01
   5.3892881e-01   4.3890492e-01
   5.4811953e-01   4.2924521e-01
   5.2917049e-01   4.3312219e-01
   5.4545736e-01   4.2791107e-01
   5.3914446e-01   4.3377091e-01
   5.3177978e-01   4.3391907e-01
   5.4276822e-01   4.2900844e-01
   5.3329371e-01   4.2737907e-01
   5.4004425e-01   4.2766570e-01
   5.3650901e-01   4.2796995e-01
   5.3899873e-01   4.2742025e-01
   5.3785529e-01   4.2876830e-01
   5.3167151e-01   4.3522730e-01
   5.3890251e-01   4.3639908e-01
   5.3036398e-01   4.3530155e-01
   5.2632485e-01   4.2632276e-01
   5.3531698e-01   4.3343467e-01
   5.3386105e-01   4.3263399e-01
   5.4563757e-01   4.2671230e-01
   5.4923849e-01   4.2905883e-01
   5.3070728e-01   4.3519757e-01
   5.3611284e-01   4.3745814e-01
   5.3049964e-01   4.3277163e-01
   5.4603028e-01   4.2634596e-01
   5.4754328e-01   4.3696529e-01
   5.2633470e-01   4.3599791e-01
   5.3962713e-01   4.3361377e-01
   5.3651175e-01   4.2995241e-01
   5.4213490e-01   4.2668516e-01
   5.3707878e-01   4.3669512e-01
   5.4187847e-01   4.3104311e-01
   5.4099147e-01   4.3303816e-01
   5.2737898e-01   4.2676625e-01
   5.4920451e-01   4.2769143e-01
   5.3859285e-01   4.2642365e-01
   5.2910250e-01   4.3528635e-01
   5.4553079e-01   4.3547908e-01
   5.4195326e-01   4.2732489e-01
   5.3131371e-01   4.3172506e-01
   5.4475974e-01   4.2572538e-01
   5.3593941e-01   4.2884870e-01
   5.4901389e-01   4.3275931e-01
   5.3185528e-01   4.3515376e-01
   5.4361172e-01   4.3813395e-01
   5.2650059e-01   4.2628885e-01
   5.4254652e-01   4.3887011e-01
   5.3110099e-01   4.2559358e-01
   5.4790668e-01   4.3092052e-01
   5.2957440e-01   4.3594502e-01
   5.3193154e-01   4.3438030e-01
   5.3749979e-01   4.3226330e-01
   5.4457924e-01   4.3448296e-01
   5.4660166e-01   4.3266417e-01
   5.3756692e-01   4.3224423e-01
   5.3667554e-01   4.2784532e-01
   5.3994236e-01   4.3320326e-01
   5.3495330e-01   4.3705849e-01
   5.2869375e-01   4.3141334e-01
   5.4837669e-01   4.3491123e-01
   5.3070763e-01   4.2767520e-01
   5.2571592e-01   4.2957474e-01
   5.3425503e-01   4.3717390e-01
   5.4924475e-01   4.3275116e-01
   5.4462465e-01   4.2644467e-01
   5.3015424e-01   4.3584923e-01
   7.0016507e-02   4.2594614e-01
   6.5421416e-02   4.3291744e-01
   6.3573102e-02   4.2637966e-01
   7.7794738e-02   4.0067045e-01
   6.0322141e-02   3.7899681e-01
   5.7951913e-02   3.6479160e-01
   6.2269319e-02   3.4716059e-01
   7.2887312e-02   3.1830313e-01
   6.1765970e-02   3.0870869e-01
   7.5820971e-02   2.8127268e-01
   7.8036090e-02   2.6621354e-01
   5.6772225e-02   2.4520101e-01
   6.0697252e-02   2.2681171e-01
   6.4953176e-02   2.1251941e-01
   7.5603602e-02   1.9926316e-01
   6.2379241e-02   1.9617936e-01
   5.7002324e-02   1.8318472e-01
   7.0575395e-02   1.6465053e-01
   7.5157234e-02   1.6861567e-01
   7.2796593e-02   1.4797519e-01
   6.3006325e-02   1.4823188e-01
   7.2662337e-02   1.3268002e-01
   5.6115789e-02   1.3117533e-01
   6.2408602e-02   1.2251892e-01
   6.0161028e-02   1.1756314e-01
   7.7086079e-02   1.1295177e-01
   7.7047176e-02   1.0354521e-01
   7.7202438e-02   1.0019808e-01
   7.6965479e-02   1.0830626e-01
   6.3703665e-02   9.2052446e-02
   7.6633189e-02   9.6417682e-02
   7.8287382e-02   8.8807844e-02
   6.2563676e-02   9.0291224e-02
   6.8564325e-02   8.4643556e-02
   7.6441694e-02   8.6299273e-02
   6.5484976e-02   8.0486953e-02
   6.5643338e-02   8.3179767e-02
   6.6840582e-02   7.5738621e-02
   7.6523470e-02   7.7474039e-02
   7.9212028e-02   6.9410034e-02
   7.2650221e-02   7.5673788e-02
   5.6351393e-02   7.1229197e-02
   5.8835133e-02   6.7597979e-02
   5.7968888e-02   6.5311909e-02
   7.5933618e-02   6.8056068e-02
   7.8225526e-02   6.7207593e-02
   6.0965778e-02   6.1062105e-02
   6.0236197e-02   7.3036165e-02
   7.5104019e-02   6.6428370e-02
   7.0168924e-02   7.1117505e-02
   6.9040158e-02   6.8482230e-02
   6.1843810e-02   6.4721514e-02
   5.7475231e-02   6.1419682e-02
   6.7147341e-02   6.4091251e-02
   6.1252883e-02   6.1789899e-02
   6.0185327e-02   5.9562425e-02
   7.3354946e-02   5.9679940e-02
   6.2919693e-02   6.7952055e-02
   7.2538313e-02   5.4539171e-02
   6.2850053e-02   5.4714849e-02
   7.4583351e-02   5.9473248e-02
   7.9850894e-02   6.4299216e-02
   7.1462746e-02   5.5598592e-02
   6.6090667e-02   6.0986091e-02
   6.2528355e-02   6.6696177e-02
   7.4698218e-02   6.0688345e-02
   7.2911986e-02   6.2164590e-02
   5.8768372e-02   6.2724876e-02
   6.7627131e-02   6.0117341e-02
  -8.8152226e-01   5.5471397e-02
  -8.9765241e-01   6.3349869e-02
  -8.9589587e-01   6.7966168e-02
  -8.7673841e-01   8.6895198e-02
  -8.9086558e-01   1.1128752e-01
  -8.7494877e-01   1.4311762e-01
  -8.7758513e-01   1.5901589e-01
  -8.8672261e-01   1.8779835e-01
  -8.9749571e-01   2.0982593e-01
  -8.8570920e-01   2.3031421e-01
  -8.7959747e-01   2.5907489e-01
  -8.7821572e-01   2.7885897e-01
  -8.8864700e-01   2.9022541e-01
  -8.8979841e-01   3.0503023e-01
  -8.9311605e-01   3.3403599e-01
  -8.9731964e-01   3.3615348e-01
  -8.7995854e-01   3.6071598e-01
  -8.9697800e-01   3.6808826e-01
  -8.7471161e-01   3.8027152e-01
  -8.9167692e-01   3.8835465e-01
  -8.8868679e-01   3.9060315e-01
  -8.8835131e-01   3.9971517e-01
  -8.8614214e-01   4.1021413e-01
  -8.8470298e-01   4.1670345e-01
  -8.9448668e-01   4.2100957e-01
  -8.8530963e-01   4.3807016e-01
  -8.7853978e-01   4.3981237e-01
  -8.8439032e-01   4.4152553e-01
  -8.9040340e-01   4.4798484e-01
  -8.8509802e-01   4.5022208e-01
  -8.7841889e-01   4.6241099e-01
  -8.8550923e-01   4.6385694e-01
  -8.8855910e-01   4.6254233e-01
  -8.9703883e-01   4.6986552e-01
  -8.8163028e-01   4.6670591e-01
  -8.8282979e-01   4.7723912e-01
  -8.9756346e-01   4.7468499e-01
  -8.9396340e-01   4.7313302e-01
  -8.7844798e-01   4.8382333e-01
  -8.8861858e-01   4.7475689e-01
  -8.7448317e-01   4.8268482e-01
  -8.9328390e-01   4.9103199e-01
  -8.9677098e-01   4.7883129e-01
  -8.9758220e-01   4.8959105e-01
  -8.8618954e-01   4.9054205e-01
  -8.8005786e-01   4.8467125e-01
  -8.8249656e-01   4.8991126e-01
  -8.7876251e-01   4.8507819e-01
  -8.8810578e-01   4.8801307e-01
  -8.9019736e-01   4.8578822e-01
  -8.8131086e-01   4.9862439e-01
  -8.9184221e-01   4.9979163e-01
  -8.9124326e-01   4.9466703e-01
  -8.8409309e-01   4.9614597e-01
  -8.9319346e-01   5.0194196e-01
  -8.8444977e-01   4.9219362e-01
  -8.9131083e-01   4.8960686e-01
  -8.8744354e-01   4.9727672e-01
  -8.8766734e-01   4.9218509e-01
  -8.7712843e-01   4.9851827e-01
  -8.9165471e-01   4.9961580e-01
  -8.8702866e-01   4.9330993e-01
  -8.8294014e-01   4.9979898e-01
  -8.9385689e-01   5.0469568e-01
  -8.9815193e-01   5.0157703e-01
  -8.8865845e-01   5.0090841e-01
  -8.8539742e-01   4.9529266e-01
  -8.8884106e-01   4.9577484e-01
  -8.8613941e-01   4.9658140e-01
  -3.7394442e-02   4.9362850e-01
  -2.5438153e-02   5.0251683e-01
  -4.6687696e-02   4.7843692e-01
  -2.6666884e-02   4.6857888e-01
  -2.3902348e-02   4.2927909e-01
  -3.6087203e-02   4.1028981e-01
  -2.9415229e-02   3.8097255e-01
  -3.5589236e-02   3.5135479e-01
  -4.3292119e-02   3.1472005e-01
  -4.6239794e-02   2.8664215e-01
  -4.4752020e-02   2.7032602e-01
  -3.5150495e-02   2.3975700e-01
  -3.6758586e-02   2.1781640e-01
  -4.7079687e-02   1.9635676e-01
  -2.5267347e-02   1.7646697e-01
  -3.1142589e-02   1.6992707e-01
  -3.5062010e-02   1.5179279e-01
  -2.4092528e-02   1.3768950e-01
  -3.7840416e-02   1.2138242e-01
  -2.6336104e-02   1.1423405e-01
  -2.6531945e-02   9.5968658e-02
  -2.8320810e-02   8.7205163e-02
  -4.0187864e-02   7.1557804e-02
  -3.2176450e-02   6.6242438e-02
  -4.0673293e-02   6.2857455e-02
  -3.8732095e-02   4.8069853e-02
  -2.8263843e-02   3.9836832e-02
  -2.6073268e-02   3.8634734e-02
  -3.9699661e-02   3.8247890e-02
  -3.5988095e-02   3.3672056e-02
  -4.6342715e-02   2.9430114e-02
  -3.8794317e-02   2.0366081e-02
  -4.0114495e-02   1.8645044e-02
  -4.1224899e-02   1.7440511e-02
  -4.5159114e-02   2.2415819e-03
  -3.0695280e-02   7.5324322e-03
  -4.0407286e-02   4.1716430e-03
  -3.6849166e-02  -1.7480571e-03
  -4.5099695e-02  -6.1042841e-03
  -2.4548825e-02  -1.0219213e-02
  -3.9558427e-02  -2.7673739e-03
  -3.0461374e-02  -1.4069485e-02
  -2.3812903e-02  -4.5606282e-03
  -3.6070358e-02  -1.6901524e-02
  -4.3237441e-02  -1.0050989e-02
  -4.5439824e-02  -1.6030436e-02
  -2.5276828e-02  -1.8503130e-02
  -4.1746629e-02  -1.4478152e-02
  -3.5902494e-02  -1.2417728e-02
  -2.4189543e-02  -1.7248584e-02
  -3.8604767e-02  -1.2662463e-02
  -4.2297725e-02  -1.3645440e-02
  -4.0215327e-02  -2.2941072e-02
  -2.9901273e-02  -2.3071797e-02
  -4.1709188e-02  -1.9342761e-02
  -4.4649653e-02  -2.0233667e-02
  -3.2395181e-02  -1.8707161e-02
  -2.5708471e-02  -1.8159886e-02
  -4.3962052e-02  -1.7279752e-02
  -4.7032185e-02  -2.4534306e-02
  -3.3973248e-02  -1.7552860e-02
  -3.4758238e-02  -1.9398186e-02
  -3.4588649e-02  -2.9092016e-02
  -4.0348700e-02  -2.3696670e-02
  -4.1127529e-02  -2.7273178e-02
  -2.8716313e-02  -2.4398737e-02
  -4.1218641e-02  -2.2649544e-02
  -3.9532853e-02  -2.4294878e-02
  -2.8547491e-02  -3.0935948e-02
  -1.9963990e-01  -2.2819515e-02
  -2.1431533e-01  -2.1348026e-02
  -2.0865128e-01  -2.5418472e-02
  -2.0562692e-01  -3.3339300e-02
  -2.1754809e-01  -4.3565416e-02
  -2.1750605e-01  -3.9131180e-02
  -2.1795067e-01  -5.5322448e-02
  -2.0625752e-01  -5.7826708e-02
  -1.9865989e-01  -5.7450666e-02
  -1.9962463e-01  -6.0297558e-02
  -2.0493062e-01  -6.3454407e-02
  -2.0285285e-01  -7.1559586e-02
  -2.0874053e-01  -7.1861239e-02
  -2.1901452e-01  -8.5262163e-02
  -2.0938640e-01  -8.5593756e-02
  -2.0564016e-01  -8.9858659e-02
  -2.1758306e-01  -8.5485155e-02
  -2.1687417e-01  -9.8491716e-02
  -2.1344490e-01  -9.5793682e-02
  -1.9954991e-01  -9.6626770e-02
  -2.2247935e-01  -1.0047068e-01
  -2.0645624e-01  -1.0668040e-01
  -1.9914613e-01  -1.0493263e-01
  -2.1460134e-01  -1.0879580e-01
  -2.0093223e-01  -1.0490730e-01
  -2.1457054e-01  -1.0355164e-01
  -2.1356119e-01  -1.0205459e-01
  -2.0092284e-01  -1.1448799e-01
  -2.0874859e-01  -1.1215206e-01
  -1.9959022e-01  -1.1100907e-01
  -2.1892242e-01  -1.1671422e-01
  -2.0285671e-01  -1.1210874e-01
  -2.1862362e-01  -1.1625283e-01
  -2.1136493e-01  -1.1674244e-01
  -2.1727600e-01  -1.0981873e-01
  -2.1359349e-01  -1.1415227e-01
  -2.2162230e-01  -1.1885374e-01
  -2.0901264e-01  -1.0914104e-01
  -2.0859049e-01  -1.1466588e-01
  -2.0994630e-01  -1.1075650e-01
  -2.0033122e-01  -1.1058810e-01
  -2.0932248e-01  -1.1710867e-01
  -2.0887910e-01  -1.1699715e-01
  -2.1651930e-01  -1.1465213e-01
  -2.0373696e-01  -1.1993675e-01
  -2.1212873e-01  -1.1677858e-01
  -2.2142968e-01  -1.1893839e-01
  -2.0125915e-01  -1.2402866e-01
  -2.1594712e-01  -1.2557705e-01
  -2.1873607e-01  -1.1333452e-01
  -2.1789263e-01  -1.2183107e-01
  -2.1035567e-01  -1.1515990e-01
  -2.0915481e-01  -1.2053565e-01
  -2.0669834e-01  -1.1927754e-01
  -2.1458434e-01  -1.2348615e-01
  -2.2134929e-01  -1.1682782e-01
  -2.0367948e-01  -1.2662099e-01
  -2.1450984e-01  -1.2122866e-01
  -2.0746099e-01  -1.2562720e-01
  -2.1715268e-01  -1.2519067e-01
  -2.0682656e-01  -1.2018543e-01
  -2.1535571e-01  -1.1790943e-01
  -2.1377991e-01  -1.2292124e-01
  -1.9858724e-01  -1.2217569e-01
  -2.1988421e-01  -1.1954392e-01
  -2.1890415e-01  -1.2263281e-01
  -2.1248140e-01  -1.2118798e-01
  -2.0647809e-01  -1.1810614e-01
  -2.1410352e-01  -1.2316687e-01
   8.4236796e-01  -1.1909532e-01
   8.3437199e-01  -1.2331541e-01
   8.5651176e-01  -1.0698699e-01
   8.3820031e-01  -9.2843977e-02
   8.5051842e-01  -7.4822503e-02
   8.4024199e-01  -4.7357441e-02
   8.5473436e-01  -3.0513876e-02
   8.4238748e-01  -1.4906316e-02
   8.4084330e-01   9.8980022e-03
   8.3976214e-01   2.6712734e-02
   8.3973953e-01   4.7771380e-02
   8.5232468e-01   6.9306080e-02
   8.3896040e-01   7.3414183e-02
   8.3984906e-01   9.1861976e-02
   8.3717250e-01   1.0670501e-01
   8.5780562e-01   1.2027733e-01
   8.5533518e-01   1.3645576e-01
   8.5093959e-01   1.3624742e-01
   8.4065917e-01   1.4693453e-01
   8.5426903e-01   1.5948346e-01
   8.5623944e-01   1.6381333e-01
   8.4955611e-01   1.6849589e-01
   8.4836465e-01   1.7380273e-01
   8.3421161e-01   1.8810675e-01
   8.3503618e-01   1.9463719e-01
   8.4713515e-01   1.9396385e-01
   8.4705235e-01   2.0223674e-01
   8.4382885e-01   2.0353738e-01
   8.3828123e-01   2.1617320e-01
   8.3545800e-01   2.0972252e-01
   8.5190715e-01   2.1915804e-01
   8.4681379e-01   2.2034560e-01
   8.5631106e-01   2.1788394e-01
   8.4587007e-01   2.2410190e-01
   8.5645142e-01   2.2428021e-01
   8.5294342e-01   2.3170113e-01
   8.4563495e-01   2.3061178e-01
   8.5204714e-01   2.3482296e-01
   8.5537334e-01   2.3753759e-01
   8.3851052e-01   2.3959786e-01
   8.4651631e-01   2.4405792e-01
   8.4381519e-01   2.4447017e-01
   8.4437037e-01   2.3931017e-01
   8.5100675e-01   2.3965028e-01
   8.5304574e-01   2.3707240e-01
   8.4682523e-01   2.4810079e-01
   8.5047328e-01   2.3925812e-01
   8.5634374e-01   2.3962080e-01
   8.4120129e-01   2.4090853e-01
   8.4590883e-01   2.5359127e-01
   8.3553747e-01   2.5393465e-01
   8.5731010e-01   2.4502700e-01
   8.3789011e-01   2.5556672e-01
   8.5534138e-01   2.4730778e-01
   8.4897673e-01   2.5115144e-01
   8.4298560e-01   2.4553539e-01
   8.3987084e-01   2.5672147e-01
   8.4347071e-01   2.5414918e-01
   8.4909692e-01   2.4904845e-01
   8.5263044e-01   2.5346950e-01
   8.4949227e-01   2.4486834e-01
   8.5329267e-01   2.4755435e-01
   8.4155462e-01   2.5247956e-01
   8.5231391e-01   2.5737445e-01
   8.3902329e-01   2.4812697e-01
   8.4195469e-01   2.5509129e-01
   8.4033909e-01   2.5458253e-01
   8.3912987e-01   2.5115094e-01
   8.4926146e-01   2.4898786e-01
   1.0079186e+00   2.5149193e-01
   1.0097446e+00   2.5981792e-01
   1.0023295e+00   2.4243482e-01
   9.8821473e-01   2.3184086e-01
   1.0000253e+00   2.0474217e-01
   1.0013927e+00   1.9205290e-01
   1.0002668e+00   1.7012287e-01
   9.8950178e-01   1.3918985e-01
   1.0081951e+00   1.2019435e-01
   1.0067752e+00   1.0864487e-01
   1.0057211e+00   8.0344893e-02
   9.8820984e-01   7.3378308e-02
   9.9681044e-01   5.0253810e-02
   9.9012973e-01   3.6909082e-02
   1.0065554e+00   2.9062486e-02
   9.9205884e-01   1.7090991e-02
   1.0073684e+00  -1.6947622e-03
   9.9489404e-01  -1.4677403e-02
   9.9711053e-01  -2.0547365e-02
   9.9509602e-01  -2.4697916e-02
   9.8990053e-01  -4.0511181e-02
   1.0062225e+00  -4.0732334e-02
   9.9405005e-01  -5.3616051e-02
   9.9348944e-01  -4.7916840e-02
   9.9432880e-01  -5.9656755e-02
   1.0041809e+00  -6.4021643e-02
   1.0104481e+00  -7.5927882e-02
   9.9442136e-01  -7.8979066e-02
   1.0016481e+00  -8.0276396e-02
   9.9467128e-01  -7.9622467e-02
   9.9609793e-01  -8.8038635e-02
   9.9919032e-01  -9.0090506e-02
   1.0063627e+00  -8.5277457e-02
   9.8814794e-01  -9.6319307e-02
   9.8757830e-01  -9.1972741e-02
   1.0062204e+00  -1.0420866e-01
   1.0083083e+00  -9.8162651e-02
   9.8964305e-01  -9.9888559e-02
   9.8852741e-01  -1.0502829e-01
   1.0068388e+00  -1.0977707e-01
   9.8806504e-01  -1.0858380e-01
   1.0066954e+00  -1.0650171e-01
   1.0100807e+00  -1.0828449e-01
   1.0013237e+00  -1.1446785e-01
   9.9871662e-01  -1.1377950e-01
   1.0082818e+00  -1.0825137e-01
   9.9879823e-01  -1.1891979e-01
   9.9521705e-01  -1.1771415e-01
   1.0043736e+00  -1.0793702e-01
   9.9342267e-01  -1.0964799e-01
   9.8863601e-01  -1.1844847e-01
   9.9645352e-01  -1.1458056e-01
   9.9943716e-01  -1.2175724e-01
   1.0090005e+00  -1.1342327e-01
   9.9173474e-01  -1.1102032e-01
   1.0057728e+00  -1.1528613e-01
   9.9985075e-01  -1.1304037e-01
   9.9902155e-01  -1.2184342e-01
   1.0076737e+00  -1.2344843e-01
   1.0019095e+00  -1.1899032e-01
   9.8935692e-01  -1.2609223e-01
   1.0049159e+00  -1.1338380e-01
   9.9378631e-01  -1.1716426e-01
   9.9270617e-01  -1.2413282e-01
   1.0083559e+00  -1.1655043e-01
   9.9249972e-01  -1.2738503e-01
   1.0082397e+00  -1.2397312e-01
   9.9249099e-01  -1.2080437e-01
   1.0065257e+00  -1.1546405e-01
  -5.5890637e-01  -1.1896220e-01
  -5.6681681e-01  -1.1526825e-01
  -5.6246656e-01  -1.1371797e-01
  -5.6980281e-01  -1.1107267e-01
  -5.8102311e-01  -1.0097877e-01
  -5.7210593e-01  -1.0544154e-01
  -5.7273037e-01  -9.8555881e-02
  -5.6089484e-01  -8.1599482e-02
  -5.6373013e-01  -7.7095226e-02
  -5.6446716e-01  -8.0328501e-02
  -5.7875716e-01  -6.8238486e-02
  -5.7189552e-01  -6.1175933e-02
  -5.7683068e-01  -6.5705371e-02
  -5.6714767e-01  -5.3054681e-02
  -5.6054140e-01  -4.6974112e-02
  -5.7707491e-01  -5.6154491e-02
  -5.7959239e-01  -4.1749167e-02
  -5.5811981e-01  -4.0955316e-02
  -5.5784224e-01  -3.3890331e-02
  -5.6866723e-01  -3.9091886e-02
  -5.7098744e-01  -4.1463975e-02
  -5.6637883e-01  -3.9223772e-02
  -5.7357517e-01  -3.4264749e-02
  -5.7151961e-01  -2.3193271e-02
  -5.7612602e-01  -3.3820580e-02
  -5.6240262e-01  -3.0191598e-02
  -5.5799446e-01  -2.0314673e-02
  -5.6300965e-01  -2.5067118e-02
  -5.7795393e-01  -1.7623507e-02
  -5.6480143e-01  -2.1548627e-02
  -5.7080043e-01  -2.5188037e-02
  -5.6541709e-01  -2.1367857e-02
  -5.6697364e-01  -2.2954016e-02
  -5.5830484e-01  -1.4262227e-02
  -5.7531070e-01  -2.3380107e-02
  -5.6778964e-01  -1.8304779e-02
  -5.7586582e-01  -1.2751517e-02
  -5.7916880e-01  -1.5151870e-02
  -5.6059620e-01  -1.9710675e-02
  -5.7220953e-01  -1.2736809e-02
  -5.6224704e-01  -9.5486039e-03
  -5.6265907e-01  -1.1635688e-02
  -5.8074200e-01  -1.2314800e-02
  -5.8019364e-01  -1.5736031e-02
  -5.5913760e-01  -1.7210170e-02
  -5.8123185e-01  -1.2604829e-02
  -5.7328883e-01  -6.4547741e-03
  -5.6156094e-01  -7.9450425e-03
  -5.7666691e-01  -1.0984332e-02
  -5.7608999e-01  -1.0703334e-02
  -5.6690610e-01  -1.2616237e-02
  -5.7284843e-01  -5.1090650e-03
  -5.7139867e-01  -1.6044449e-02
  -5.6623304e-01  -7.1038343e-03
  -5.7804301e-01  -1.3037707e-02
  -5.6732661e-01  -1.7481949e-02
  -5.7999110e-01  -1.5459521e-02
  -5.6146548e-01  -1.1812495e-02
  -5.7262860e-01  -9.7706719e-03
  -5.7015761e-01  -8.8086486e-03
  -5.7191530e-01  -5.3991972e-03
  -5.6058342e-01  -1.5413404e-02
  -5.8076097e-01  -8.7435527e-03
  -5.7474779e-01  -1.3460770e-02
  -5.7643964e-01  -1.1985861e-02
  -5.6703175e-01  -1.6170864e-02
  -5.6000325e-01  -1.5577157e-02
  -5.7090730e-01  -4.2789987e-03
  -5.5822391e-01  -1.5872504e-02
   6.9653343e-01  -8.4391088e-03
   6.9754687e-01  -4.1435058e-03
   6.9057013e-01  -1.0334011e-03
   6.8951175e-01   1.6911706e-02
   6.8479457e-01   3.9433007e-02
   6.9054941e-01   6.9192438e-02
   6.8528833e-01   9.9026633e-02
   6.9166739e-01   1.1953984e-01
   6.8417078e-01   1.3741714e-01
   6.8694002e-01   1.5578624e-01
   6.8517706e-01   1.8076515e-01
   6.8742457e-01   2.0091815e-01
   6.9907274e-01   2.1953150e-01
   6.8432126e-01   2.4025559e-01
   6.8620140e-01   2.5794286e-01
   6.9661805e-01   2.5905397e-01
   6.8468817e-01   2.7144662e-01
   6.8048378e-01   2.8457484e-01
   6.9078038e-01   2.9511174e-01
   6.9395614e-01   3.1779180e-01
   7.0226183e-01   3.2197599e-01
   6.8269367e-01   3.3510319e-01
   6.8319372e-01   3.3546868e-01
   6.8489729e-01   3.3655272e-01
   6.9045528e-01   3.5266979e-01
   7.0025656e-01   3.5848093e-01
   6.7983195e-01   3.5859455e-01
   6.9690598e-01   3.7043652e-01
   7.0054604e-01   3.6976640e-01
   6.9934806e-01   3.8141494e-01
   6.9924424e-01   3.7224385e-01
   6.9553323e-01   3.7646518e-01
   6.9383987e-01   3.8102628e-01
   6.9343249e-01   3.8504877e-01
   6.9868870e-01   3.9714480e-01
   6.8732270e-01   3.9229454e-01
   6.9455774e-01   3.9443737e-01
   6.9446593e-01   4.0150431e-01
   6.9223042e-01   4.0095815e-01
   6.9960924e-01   3.9720619e-01
   6.8433537e-01   4.0778495e-01
   6.9584507e-01   4.0032885e-01
   6.9644103e-01   4.0748908e-01
   6.8579963e-01   4.0332349e-01
   6.8367978e-01   4.1319331e-01
   6.8886200e-01   4.1136089e-01
   6.9586184e-01   4.1170011e-01
   6.9558648e-01   4.1204764e-01
   6.7861088e-01   4.1720619e-01
   6.8720532e-01   4.1037989e-01
   6.8049268e-01   4.1387897e-01
   6.9834459e-01   4.1503949e-01
   6.9324775e-01   4.1398697e-01
   7.0132405e-01   4.1530371e-01
   6.9337518e-01   4.1810535e-01
   6.8368675e-01   4.1516246e-01
   6.9180447e-01   4.1290085e-01
   6.8073944e-01   4.1661865e-01
   6.8407156e-01   4.1526846e-01
   6.7986857e-01   4.2173083e-01
   6.9047132e-01   4.1393464e-01
   6.8727219e-01   4.1645446e-01
   6.9243036e-01   4.1340448e-01
   7.0182451e-01   4.2024866e-01
   6.8417614e-01   4.1350335e-01
   6.9052758e-01   4.2277169e-01
   6.7980460e-01   4.1491817e-01
   6.9708456e-01   4.1449305e-01
   6.8065753e-01   4.1239117e-01
  -2.3343512e-01   4.2373238e-01
  -2.2081248e-01   4.2497280e-01
  -2.1346852e-01   4.0802561e-01
  -2.3395175e-01   3.8455080e-01
  -2.1661221e-01   3.5593685e-01
  -2.3036242e-01   3.1539073e-01
  -2.1833468e-01   2.8707516e-01
  -2.2962552e-01   2.6396861e-01
  -2.2959009e-01   2.3417988e-01
  -2.1144217e-01   1.9854255e-01
  -2.1630215e-01   1.7483049e-01
  -2.1776729e-01   1.4997423e-01
  -2.3326808e-01   1.2585132e-01
  -2.2981137e-01   1.0924598e-01
  -2.1373140e-01   8.3613370e-02
  -2.2156401e-01   7.3589610e-02
  -2.2842199e-01   5.4197047e-02
  -2.2772815e-01   4.6626716e-02
  -2.2115581e-01   2.5355597e-02
  -2.1973511e-01   1.9153925e-02
  -2.2529775e-01   7.1583860e-03
  -2.2893876e-01  -6.3741461e-03
  -2.3025068e-01  -1.8877302e-02
  -2.1508432e-01  -2.6523813e-02
  -2.1933896e-01  -2.9938993e-02
  -2.1198350e-01  -3.5707395e-02
  -2.1721130e-01  -5.0836214e-02
  -2.1806973e-01  -5.2168312e-02
  -2.3393335e-01  -6.7804573e-02
  -2.2935241e-01  -6.4932581e-02
  -2.3483645e-01  -7.2773123e-02
  -2.2035654e-01  -6.9807563e-02
  -2.3210049e-01  -7.5622668e-02
  -2.1568597e-01  -8.5910336e-02
  -2.3404527e-01  -8.8966361e-02
  -2.2942321e-01  -8.6528920e-02
  -2.1699811e-01  -8.9517798e-02
  -2.2363171e-01  -9.9573047e-02
  -2.2007653e-01  -9.5655711e-02
  -2.1860962e-01  -1.0636798e-01
  -2.2347292e-01  -1.0257493e-01
  -2.2108110e-01  -1.0249434e-01
  -2.2654691e-01  -1.0337432e-01
  -2.3308361e-01  -1.0718071e-01
  -2.3343333e-01  -1.1052708e-01
  -2.2176772e-01  -1.1642180e-01
  -2.1464790e-01  -1.1076219e-01
  -2.2239091e-01  -1.1804674e-01
  -2.1394476e-01  -1.1424845e-01
  -2.1948533e-01  -1.1189645e-01
  -2.3268199e-01  -1.1741139e-01
  -2.2346055e-01  -1.1875332e-01
  -2.3029605e-01  -1.2333111e-01
  -2.2750757e-01  -1.2178325e-01
  -2.1177960e-01  -1.1190294e-01
  -2.3263947e-01  -1.1470321e-01
  -2.1573414e-01  -1.2245829e-01
  -2.1619249e-01  -1.2074828e-01
  -2.2447052e-01  -1.1805945e-01
  -2.3036709e-01  -1.1752498e-01
  -2.2243620e-01  -1.2325159e-01
  -2.1205479e-01  -1.2342433e-01
  -2.1612025e-01  -1.2656974e-01
  -2.3168208e-01  -1.2341210e-01
  -2.3436265e-01  -1.1954644e-01
  -2.2005473e-01  -1.1667083e-01
  -2.2294661e-01  -1.2237303e-01
  -2.2231982e-01  -1.2129316e-01
  -2.3332595e-01  -1.1979634e-01
  -2.4283604e-01  -1.1630057e-01
  -2.6139770e-01  -1.2974589e-01
  -2.5607339e-01  -1.2241932e-01
  -2.4011100e-01  -1.2466617e-01
  -2.6177305e-01  -1.2872528e-01
  -2.5466108e-01  -1.3127621e-01
  -2.4931472e-01  -1.3070178e-01
  -2.5590573e-01  -1.1982944e-01
  -2.5671506e-01  -1.3065200e-01
  -2.4516175e-01  -1.3164968e-01
  -2.4305829e-01  -1.2793086e-01
  -2.5634763e-01  -1.2917338e-01
  -2.5394679e-01  -1.2117272e-01
  -2.4424318e-01  -1.2830182e-01
  -2.4163463e-01  -1.2837921e-01
  -2.4285989e-01  -1.2301447e-01
  -2.4777567e-01  -1.3249533e-01
  -2.6110983e-01  -1.2368405e-01
  -2.5405945e-01  -1.3254411e-01
  -2.3984244e-01  -1.3017417e-01
  -2.5068901e-01  -1.2780113e-01
  -2.6036122e-01  -1.2258800e-01
  -2.5360617e-01  -1.2487996e-01
  -2.4453180e-01  -1.3352627e-01
  -2.5044150e-01  -1.2749086e-01
  -2.5433191e-01  -1.2946065e-01
  -2.5234455e-01  -1.2643386e-01
  -2.5460041e-01  -1.3051101e-01
  -2.4624449e-01  -1.2820544e-01
  -2.5805677e-01  -1.2377561e-01
  -2.5283135e-01  -1.3339650e-01
  -2.4382839e-01  -1.3577060e-01
  -2.3994992e-01  -1.3284656e-01
  -2.4881184e-01  -1.3443680e-01
  -2.4366803e-01  -1.2720736e-01
  -2.5847971e-01  -1.3244442e-01
  -2.6012767e-01  -1.3531030e-01
  -2.5749067e-01  -1.2915239e-01
  -2.5969818e-01  -1.2665010e-01
  -2.4437357e-01  -1.3104519e-01
  -2.5247540e-01  -1.2755187e-01
  -2.4088574e-01  -1.3160014e-01
  -2.5903778e-01  -1.3527216e-01
  -2.5946310e-01  -1.3052549e-01
  -2.4197618e-01  -1.2398880e-01
  -2.4559107e-01  -1.2855397e-01
  -2.5489076e-01  -1.2466461e-01
  -2.5568176e-01  -1.3396903e-01
  -2.5073022e-01  -1.2694603e-01
  -2.5987819e-01  -1.2957474e-01
  -2.4993113e-01  -1.3767587e-01
  -2.4849349e-01  -1.3204512e-01
  -2.4024964e-01  -1.2990864e-01
  -2.4019480e-01  -1.3004753e-01
  -2.4679093e-01  -1.2778595e-01
  -2.5978605e-01  -1.3283464e-01
  -2.4211460e-01  -1.3164033e-01
  -2.4293176e-01  -1.3685324e-01
  -2.6225271e-01  -1.3204377e-01
  -2.4081384e-01  -1.2467809e-01
  -2.5311765e-01  -1.2677972e-01
  -2.4279858e-01  -1.3257318e-01
  -2.4149457e-01  -1.3777934e-01
  -2.4119673e-01  -1.2575669e-01
  -2.4053319e-01  -1.3035594e-01
  -2.5644733e-01  -1.2938589e-01
  -2.5290583e-01  -1.3596744e-01
  -2.5153228e-01  -1.3216638e-01
  -2.5373807e-01  -1.3445449e-01
   9.8289249e-01  -1.2438293e-01
   9.7974910e-01  -1.2727595e-01
   9.6710672e-01  -1.2512198e-01
   9.6433755e-01  -1.2610174e-01
   9.8491749e-01  -1.2354826e-01
   9.6864224e-01  -1.1552101e-01
   9.7259220e-01  -1.0440435e-01
   9.7056320e-01  -1.0470114e-01
   9.7693808e-01  -1.0699768e-01
   9.6490806e-01  -9.3445539e-02
   9.6521121e-01  -8.6855844e-02
   9.7869022e-01  -8.1207771e-02
   9.7729175e-01  -8.7769989e-02
   9.6828511e-01  -7.9630058e-02
   9.7361886e-01  -7.2191632e-02
   9.6559350e-01  -8.0567861e-02
   9.7870215e-01  -7.7271957e-02
   9.7796646e-01  -6.3273019e-02
   9.7170436e-01  -7.3489865e-02
   9.8483676e-01  -7.0600288e-02
   9.7741008e-01  -6.8902898e-02
   9.6387346e-01  -6.0456187e-02
   9.6400755e-01  -5.6108843e-02
   9.6185431e-01  -6.4008057e-02
   9.6309043e-01  -5.3758284e-02
   9.7700999e-01  -5.8579951e-02
   9.8430604e-01  -5.6598109e-02
   9.8369306e-01  -5.1275047e-02
   9.6903998e-01  -5.2055395e-02
   9.7654073e-01  -4.7087252e-02
   9.7336653e-01  -4.8322277e-02
   9.7525523e-01  -4.7484754e-02
   9.7285044e-01  -5.5421223e-02
   9.6519323e-01  -5.0129355e-02
   9.6871990e-01  -4.4699801e-02
   9.6957619e-01  -4.4452010e-02
   9.7270064e-01  -4.0785516e-02
   9.7312338e-01  -4.5614994e-02
   9.7475470e-01  -4.4325263e-02
   9.8315165e-01  -4.4619204e-02
   9.6553328e-01  -4.3745793e-02
   9.7324252e-01  -4.0675569e-02
   9.8468129e-01  -4.5080453e-02
   9.7285226e-01  -4.4841751e-02
   9.8310048e-01  -3.8944737e-02
   9.6490174e-01  -3.8130809e-02
   9.7747839e-01  -4.8508908e-02
   9.7519038e-01  -3.8228430e-02
   9.6540130e-01  -4.7513598e-02
   9.7793430e-01  -5.0709048e-02
   9.7604571e-01  -4.0320370e-02
   9.6450653e-01  -4.0541027e-02
   9.8251845e-01  -4.8085614e-02
   9.7426159e-01  -5.0342584e-02
   9.7961308e-01  -4.7340563e-02
   9.6571230e-01  -4.1407443e-02
   9.7911429e-01  -4.1370445e-02
   9.6403511e-01  -4.2095640e-02
   9.7957211e-01  -4.7257017e-02
   9.7453684e-01  -3.7130381e-02
   9.7515227e-01  -3.6984725e-02
   9.7192600e-01  -4.6381488e-02
   9.6892444e-01  -4.6959622e-02
   9.7630127e-01  -4.2803783e-02
   9.8367537e-01  -4.3192051e-02
   9.7135878e-01  -4.7946550e-02
   9.7621892e-01  -4.6685393e-02
   9.8028502e-01  -4.7451277e-02
   9.8099025e-01  -4.4705198e-02
   1.1890446e-01  -3.9609637e-02
   1.2282082e-01  -4.6715704e-02
   1.1449473e-01  -4.0840939e-02
   1.1774740e-01  -2.8166255e-02
   1.1155149e-01  -3.0125768e-02
   1.2399840e-01  -2.3401524e-02
   1.0839262e-01  -1.5979474e-02
   1.0233357e-01  -3.4981328e-03
   1.0856011e-01   9.1815984e-03
   1.1625761e-01   1.9902610e-02
   1.1303463e-01   2.2658057e-02
   1.0636399e-01   2.9218503e-02
   1.2354275e-01   3.9112146e-02
   1.2281728e-01   3.5898775e-02
   1.1692451e-01   4.7103268e-02
   1.1633600e-01   4.2015345e-02
   1.1497823e-01   5.3341681e-02
   1.1690864e-01   5.6884867e-02
   1.0434738e-01   6.1458287e-02
   1.2278160e-01   6.1765896e-02
   1.2242379e-01   6.9639207e-02
   1.2141395e-01   7.0689450e-02
   1.0028476e-01   7.7315022e-02
   1.1301194e-01   6.7906378e-02
   1.0642488e-01   7.4779917e-02
   1.1774650e-01   8.1630282e-02
   1.1141936e-01   7.2735643e-02
   1.2183310e-01   8.3192575e-02
   1.0077688e-01   7.9601141e-02
   1.0524813e-01   8.4690363e-02
   1.2341976e-01   8.1373225e-02
   1.0184688e-01   8.8177675e-02
   1.0911149e-01   8.1513469e-02
   1.1086293e-01   8.7663607e-02
   1.1534006e-01   8.7208714e-02
   1.1142485e-01   9.3999858e-02
   1.0260734e-01   9.0409362e-02
   1.0370035e-01   8.4503626e-02
   1.0346875e-01   9.4534297e-02
   1.1391213e-01   9.5648749e-02
   1.2179296e-01   9.9244256e-02
   1.1553185e-01   8.9085501e-02
   1.0696591e-01   9.7161247e-02
   1.2190796e-01   9.4440740e-02
   1.1514889e-01   9.1793885e-02
   1.1072843e-01   9.0839803e-02
   1.0250091e-01   1.0106912e-01
   1.0240016e-01   8.8739966e-02
   1.1993372e-01   9.1092996e-02
   1.0257062e-01   9.0145500e-02
   1.1870983e-01   9.9039749e-02
   1.2113733e-01   9.4195088e-02
   1.2398921e-01   1.0155248e-01
   1.0972535e-01   9.6671786e-02
   1.0094181e-01   9.1297164e-02
   1.1669927e-01   9.0044704e-02
   1.2154725e-01   1.0011170e-01
   1.1951484e-01   9.4955582e-02
   1.0647096e-01   9.4082670e-02
   1.0329502e-01   9.5486197e-02
   1.2164050e-01   9.2684916e-02
   1.2050636e-01   9.2985357e-02
   1.1154133e-01   9.5360983e-02
   1.0869399e-01   9.3367726e-02
   1.1518461e-01   9.2620920e-02
   1.0623164e-01   9.6500069e-02
   1.2367735e-01   1.0428594e-01
   1.0690065e-01   1.0192688e-01
   1.1249585e-01   1.0347011e-01
  -2.7733193e-01   9.8232493e-02
  -2.7606713e-01   1.0447285e-01
  -2.6665952e-01   9.1479940e-02
  -2.6120086e-01   8.3376846e-02
  -2.7188360e-01   6.9611503e-02
  -2.6495315e-01   5.5100585e-02
  -2.8005891e-01   4.6935374e-02
  -2.6499556e-01   2.3723938e-02
  -2.7284493e-01   1.6033609e-02
  -2.8382378e-01   6.2426394e-04
  -2.7143027e-01   9.3598626e-04
  -2.8149316e-01  -1.1746327e-02
  -2.7281204e-01  -2.4725671e-02
  -2.7468594e-01  -3.8822661e-02
  -2.8334312e-01  -4.8401207e-02
  -2.8326398e-01  -4.4938715e-02
  -2.6072495e-01  -5.7349538e-02
  -2.6582439e-01  -5.9475444e-02
  -2.7882806e-01  -7.0729748e-02
  -2.8146040e-01  -7.8023848e-02
  -2.6424239e-01  -7.6550474e-02
  -2.7368529e-01  -8.1981834e-02
  -2.6757669e-01  -8.5235185e-02
  -2.8109343e-01  -9.3025821e-02
  -2.6325772e-01  -9.1160158e-02
  -2.6016011e-01  -9.3468091e-02
  -2.7679996e-01  -9.5622270e-02
  -2.8313635e-01  -1.0086875e-01
  -2.7963666e-01  -1.0147522e-01
  -2.7579432e-01  -1.0380859e-01
  -2.7579150e-01  -1.0694214e-01
  -2.7391321e-01  -1.0641261e-01
  -2.7648767e-01  -1.1898187e-01
  -2.7418455e-01  -1.0990685e-01
  -2.7746532e-01  -1.2349378e-01
  -2.7308870e-01  -1.2423093e-01
  -2.6605984e-01  -1.1800206e-01
  -2.7696657e-01  -1.2450749e-01
  -2.7964925e-01  -1.2092381e-01
  -2.7967880e-01  -1.2933676e-01
  -2.6623419e-01  -1.2734664e-01
  -2.6063333e-01  -1.1911585e-01
  -2.8288880e-01  -1.2337289e-01
  -2.6570671e-01  -1.2865600e-01
  -2.6538176e-01  -1.2224086e-01
  -2.7206674e-01  -1.2184422e-01
  -2.7858874e-01  -1.2421178e-01
  -2.5999673e-01  -1.2396021e-01
  -2.7781292e-01  -1.3258145e-01
  -2.7570823e-01  -1.3220224e-01
  -2.8267853e-01  -1.2906865e-01
  -2.8099151e-01  -1.3508276e-01
  -2.6408236e-01  -1.3197429e-01
  -2.6175343e-01  -1.2905291e-01
  -2.7578106e-01  -1.3167157e-01
  -2.6324415e-01  -1.3816295e-01
  -2.6893754e-01  -1.2764743e-01
  -2.6958686e-01  -1.3347468e-01
  -2.6287504e-01  -1.3502706e-01
  -2.6422226e-01  -1.3771161e-01
  -2.6338956e-01  -1.2799348e-01
  -2.6446633e-01  -1.3065406e-01
  -2.7825083e-01  -1.3138117e-01
  -2.8321326e-01  -1.3615993e-01
  -2.6762452e-01  -1.2618835e-01
  -2.8206597e-01  -1.3511553e-01
  -2.8345979e-01  -1.3578912e-01
  -2.8063984e-01  -1.3823113e-01
  -2.6416234e-01  -1.3914058e-01
  -3.7507480e-01  -1.3146362e-01
  -3.7478156e-01  -1.3742944e-01
  -3.8419244e-01  -1.2918597e-01
  -3.6627918e-01  -1.2619611e-01
  -3.7703772e-01  -1.2969209e-01
  -3.8344097e-01  -1.3347666e-01
  -3.7929494e-01  -1.2533259e-01
  -3.8422006e-01  -1.3489896e-01
  -3.7070181e-01  -1.3203634e-01
  -3.8493215e-01  -1.2776346e-01
  -3.6493344e-01  -1.3651426e-01
  -3.7997095e-01  -1.2973773e-01
  -3.6521256e-01  -1.2689408e-01
  -3.7008949e-01  -1.3567520e-01
  -3.7555319e-01  -1.3310081e-01
  -3.6401749e-01  -1.2585798e-01
  -3.8587249e-01  -1.2841029e-01
  -3.8564249e-01  -1.2421362e-01
  -3.7212960e-01  -1.3474200e-01
  -3.7040581e-01  -1.2466072e-01
  -3.8085071e-01  -1.3318845e-01
  -3.7134543e-01  -1.3107950e-01
  -3.7943534e-01  -1.2648029e-01
  -3.8039092e-01  -1.3195083e-01
  -3.7527605e-01  -1.2934541e-01
  -3.6818287e-01  -1.2709403e-01
  -3.7704590e-01  -1.2691307e-01
  -3.7125456e-01  -1.2321549e-01
  -3.8245634e-01  -1.3273815e-01
  -3.8090934e-01  -1.2704805e-01
  -3.7415508e-01  -1.2764863e-01
  -3.7069954e-01  -1.2569476e-01
  -3.7889324e-01  -1.2165240e-01
  -3.8150927e-01  -1.3250788e-01
  -3.8170201e-01  -1.2727233e-01
  -3.7923116e-01  -1.3468443e-01
  -3.7610322e-01  -1.3027132e-01
  -3.7300464e-01  -1.3130144e-01
  -3.8728652e-01  -1.2328360e-01
  -3.6769150e-01  -1.2573004e-01
  -3.6792231e-01  -1.2488599e-01
  -3.8794394e-01  -1.2099447e-01
  -3.6736647e-01  -1.3148509e-01
  -3.7047655e-01  -1.2590763e-01
  -3.8309004e-01  -1.3366057e-01
  -3.8100052e-01  -1.2432343e-01
  -3.7177332e-01  -1.3360344e-01
  -3.7578331e-01  -1.3360124e-01
  -3.7094149e-01  -1.3173924e-01
  -3.6476699e-01  -1.3419604e-01
  -3.7800618e-01  -1.3017913e-01
  -3.8140082e-01  -1.2495999e-01
  -3.7375414e-01  -1.2513001e-01
  -3.8356400e-01  -1.2270173e-01
  -3.7866524e-01  -1.2313645e-01
  -3.8073099e-01  -1.3093501e-01
  -3.8408761e-01  -1.2524091e-01
  -3.7750286e-01  -1.3213174e-01
  -3.8247156e-01  -1.3196893e-01
  -3.6811989e-01  -1.3088964e-01
  -3.8618562e-01  -1.2435211e-01
  -3.8794831e-01  -1.3329854e-01
  -3.7684498e-01  -1.3310363e-01
  -3.8135390e-01  -1.3006900e-01
  -3.7166122e-01  -1.2943332e-01
  -3.7502863e-01  -1.2336326e-01
  -3.7031905e-01  -1.2852570e-01
  -3.7426537e-01  -1.2513742e-01
  -3.7526128e-01  -1.2206494e-01
   8.5438556e-01  -1.2240366e-01
   8.5353024e-01  -1.2231369e-01
   8.4966191e-01  -1.1676607e-01
   8.5740892e-01  -9.4420800e-02
   8.4010961e-01  -8.3955672e-02
   8.5257448e-01  -6.6393070e-02
   8.4611489e-01  -3.3671677e-02
   8.4336907e-01  -1.2363598e-02
   8.4685355e-01  -3.5936910e-03
   8.4994260e-01   2.2244394e-02
   8.6204304e-01   3.9271176e-02
   8.4850525e-01   4.9755398e-02
   8.4527055e-01   7.1354931e-02
   8.5490291e-01   8.5362737e-02
   8.4380021e-01   1.0338019e-01
   8.5146270e-01   1.1740207e-01
   8.6108343e-01   1.1843237e-01
   8.4592952e-01   1.3773226e-01
   8.4663781e-01   1.3628472e-01
   8.6006671e-01   1.5416152e-01
   8.4027957e-01   1.6302399e-01
   8.3968935e-01   1.6043811e-01
   8.4707240e-01   1.7177751e-01
   8.5192558e-01   1.8167198e-01
   8.6212149e-01   1.8122489e-01
   8.5678934e-01   1.9420332e-01
   8.4182419e-01   1.8793458e-01
   8.5935152e-01   1.9577174e-01
   8.5562782e-01   1.9759358e-01
   8.5464322e-01   2.0581369e-01
   8.5943083e-01   2.0511622e-01
   8.6184463e-01   2.1009432e-01
   8.5895577e-01   2.1521869e-01
   8.5282524e-01   2.2038903e-01
   8.4434444e-01   2.2300046e-01
   8.5115275e-01   2.2189051e-01
   8.6034339e-01   2.3015193e-01
   8.5041660e-01   2.3007976e-01
   8.4197373e-01   2.3384164e-01
   8.4939143e-01   2.3406378e-01
   8.6198940e-01   2.2624100e-01
   8.6051953e-01   2.2685476e-01
   8.4215728e-01   2.3288335e-01
   8.5983234e-01   2.3241869e-01
   8.5045577e-01   2.3418673e-01
   8.5691350e-01   2.3272106e-01
   8.4252628e-01   2.3876527e-01
   8.6160566e-01   2.3840463e-01
   8.4673639e-01   2.3777668e-01
   8.4886861e-01   2.3412335e-01
   8.5733880e-01   2.3502774e-01
   8.4090012e-01   2.4461207e-01
   8.4362069e-01   2.3461634e-01
   8.4637207e-01   2.4098672e-01
   8.5725379e-01   2.4331151e-01
   8.5723958e-01   2.4790824e-01
   8.4378409e-01   2.4778090e-01
   8.5122189e-01   2.4303974e-01
   8.4748612e-01   2.3824205e-01
   8.5060022e-01   2.4709638e-01
   8.4852820e-01   2.3648745e-01
   8.5569151e-01   2.4097828e-01
   8.4591329e-01   2.4494560e-01
   8.5582724e-01   2.4101546e-01
   8.5492181e-01   2.4039547e-01
   8.3947579e-01   2.4100902e-01
   8.4197809e-01   2.3862782e-01
   8.6215586e-01   2.4293788e-01
   8.4143581e-01   2.4211192e-01
   5.5836067e-01   2.4699675e-01
   5.4505706e-01   2.4270890e-01
   5.5361122e-01   2.4552088e-01
   5.3856046e-01   2.5859549e-01
   5.4982317e-01   2.7511007e-01
   5.5562713e-01   2.8374704e-01
   5.4662321e-01   2.9128118e-01
   5.5340070e-01   3.0487771e-01
   5.5263144e-01   3.0588284e-01
   5.4165993e-01   3.1439031e-01
   5.5204689e-01   3.3526927e-01
   5.4134467e-01   3.3319144e-01
   5.4565962e-01   3.4582915e-01
   5.3700776e-01   3.5436558e-01
   5.5629622e-01   3.6134069e-01
   5.5690328e-01   3.6823959e-01
   5.3963348e-01   3.7930429e-01
   5.5965365e-01   3.7813335e-01
   5.3759422e-01   3.7895782e-01
   5.5699196e-01   3.8430969e-01
   5.3947078e-01   3.8424529e-01
   5.3797412e-01   4.0045068e-01
   5.4770834e-01   4.0272703e-01
   5.4749352e-01   4.0464255e-01
   5.5170408e-01   4.0192145e-01
   5.5953343e-01   4.0096360e-01
   5.4966805e-01   4.0241786e-01
   5.3842617e-01   4.1657237e-01
   5.5142281e-01   4.1481129e-01
   5.5095848e-01   4.1479987e-01
   5.5526755e-01   4.1697994e-01
   5.4050551e-01   4.1615526e-01
   5.4194687e-01   4.2346201e-01
   5.3931287e-01   4.2192968e-01
   5.4167389e-01   4.2921087e-01
   5.5199466e-01   4.2400111e-01
   5.4483873e-01   4.2652592e-01
   5.4561144e-01   4.2732245e-01
   5.4020028e-01   4.3002180e-01
   5.5714888e-01   4.2558874e-01
   5.5246718e-01   4.2424682e-01
   5.3957313e-01   4.2692848e-01
   5.5976415e-01   4.3553890e-01
   5.5044555e-01   4.2290844e-01
   5.5373694e-01   4.2865156e-01
   5.4416232e-01   4.3678970e-01
   5.5435229e-01   4.2879218e-01
   5.4340005e-01   4.3722334e-01
   5.5150334e-01   4.3451183e-01
   5.3676089e-01   4.3041266e-01
   5.5295109e-01   4.3217664e-01
   5.5228737e-01   4.3003458e-01
   5.3840931e-01   4.3597831e-01
   5.5854761e-01   4.2668436e-01
   5.5601054e-01   4.3715443e-01
   5.5301291e-01   4.3282943e-01
   5.4139143e-01   4.3118815e-01
   5.4318650e-01   4.2962091e-01
   5.4172244e-01   4.3162881e-01
   5.4003223e-01   4.2779737e-01
   5.4661369e-01   4.4104826e-01
   5.3807263e-01   4.3620890e-01
   5.4402627e-01   4.3765871e-01
   5.4428056e-01   4.3362986e-01
   5.4396570e-01   4.3678585e-01
   5.6015280e-01   4.2979677e-01
   5.4852671e-01   4.3363710e-01
   5.5023130e-01   4.4136591e-01
   5.4378325e-01   4.3972324e-01
   8.3168030e-01   4.4052658e-01
   8.3915237e-01   4.3843728e-01
   8.4231963e-01   4.3234197e-01
   8.3498101e-01   4.2040107e-01
   8.2764474e-01   4.1599021e-01
   8.4700420e-01   4.0060387e-01
   8.3153960e-01   3.9367862e-01
   8.3627988e-01   3.7910038e-01
   8.4990764e-01   3.7297148e-01
   8.4884605e-01   3.7291259e-01
   8.4885556e-01   3.5409413e-01
   8.3363911e-01   3.4677181e-01
   8.4539012e-01   3.4927497e-01
   8.3304970e-01   3.4483367e-01
   8.3066368e-01   3.3961163e-01
   8.3556321e-01   3.2084431e-01
   8.2926623e-01   3.1701770e-01
   8.4436860e-01   3.1108593e-01
   8.2852740e-01   3.1166744e-01
   8.3876139e-01   3.0442706e-01
   8.2710269e-01   3.1203992e-01
   8.2819378e-01   3.0889175e-01
   8.2841826e-01   3.0103977e-01
   8.4126657e-01   2.9055392e-01
   8.4013642e-01   2.9771490e-01
   8.3263711e-01   2.8616343e-01
   8.3891174e-01   2.9392680e-01
   8.3724398e-01   2.8750505e-01
   8.3085779e-01   2.8264077e-01
   8.3322536e-01   2.8793030e-01
   8.3816178e-01   2.7826460e-01
   8.4902126e-01   2.8025102e-01
   8.4602431e-01   2.8176251e-01
   8.2790981e-01   2.7366477e-01
   8.3120052e-01   2.7968718e-01
   8.3802298e-01   2.7423689e-01
   8.4620944e-01   2.7699444e-01
   8.2825717e-01   2.8294827e-01
   8.3261051e-01   2.7586400e-01
   8.3944598e-01   2.7302414e-01
   8.4307302e-01   2.7901241e-01
   8.4628074e-01   2.7130780e-01
   8.3411319e-01   2.7907975e-01
   8.3663495e-01   2.7682437e-01
   8.4516914e-01   2.7219715e-01
   8.3690335e-01   2.7596254e-01
   8.2934342e-01   2.7771912e-01
   8.4295685e-01   2.7285604e-01
   8.3033095e-01   2.7480397e-01
   8.2716857e-01   2.7554835e-01
   8.3817736e-01   2.6940217e-01
   8.3769472e-01   2.6786750e-01
   8.4002080e-01   2.6700251e-01
   8.3483233e-01   2.6827773e-01
   8.4515154e-01   2.7044995e-01
   8.3411479e-01   2.7490185e-01
   8.3939764e-01   2.6307086e-01
   1.2128371e-01   2.7340177e-01
